"0.34966233080474673","0.01870623514879154","0.029490651078129374","0.040646973845650573","0.069763961069794628","0.089261616509012112","0.0","0.0019168514133448705","0.00041829645756940074","0.041846175057250412","0.22055228942576813","0.00020914822878470037","0.00084096871655259763","0.00036578964641102002","0.0","0.012732103550518655","0.0","0.001869868655997724","0.0020099987933683903","0.11970672810776706","0.32387393236361545","0.00070645207083237858","0.0016167048664391418","0.010815277560326287","0.0","0.0038369202615873713","0.00017785932142505001","0.0011487260005130424","0.0","0.056511994926002736","0.21516429326666636","0.0024580031206611103","0.0023423215222612703","0.00017785932142505001","0.072585573010933574","0.070429312923164358","0.040819725350330342","0.038713869426557586","0.011966680463484525","0.14665448146585544","0.30120172091013564","0.042594671219951127","0.030900708416497901","0.042233333060394243","0.1564047100334717","0.052037150974999877","0.0014036370912932701","0.00084699895873714128","0.0","0.028265385817768992","0.10706234070919016","0.014388326606837459","0.0008265493854758318","0.00055261888555468031","0.00025544816126356698","0.0028565082530538299","0.00048197861699426177","0.0033990578753792596","0.0015370191639399182","0.21275182217435512","0.31039704597109813","0.00039579291334508214","0.0017194571142882516","0.00013982658438722862","0.00063612818887819425","0.009597269269299125","0.0029269310870029155","0.0012053193375931987","0.007539934981611018","0.0072308474732929043","0.080789219168489065","0.019034736495396838","0.0019633067181284098","0.00050578282377674731","0.10733445404990702","0.12079712260193209","0.065695328284653756","0.048292822462787641","0.059275704152232322","0.15452296243682062","0.34669051876113233","0.0208531778882457","0.042212861945214487","0.031523032586093278","0.1199843700706025","0.039002315373800903","0.00014609015572111862","0.0015997335445071771","0.00033412096391181525","0.048123586046852372","0.20426418520590647","0.0","0.00090601276401292084","0.0017316775643389712","0.0","0.0024937059767816392","0.010133496587037813","0.0041060640290230327","0.0014468531639585376","0.12444818876552843","0.29073502190948619","0.0030921705489147123","0.011463936210703372","0.0017848126487598351","0.0","0.0026487996525291924","0.00028417700798506561","0.0016221330075018563","0.0","0.091543831396054279","0.16305331498655348","0.0097228067736694814","0.0031769855616776287","0.00014208850399253281","0.024976382805632778","0.12976486068981563","0.030103822320183715","0.033615366794858235","0.018972211711306169","0.18329726932812546","0.30100933183233464","0.020308962876089583","0.049018918295923794","0.043401208937857032","0.19394093428782075","0.014852685338742094","0.0","0.0015860022034126513","0.00045990697989955624","0.036255564563602904","0.10227927487080368","0.0090550986647366626","0.0015295592830486997","0.00051542423605570136","0.0","0.003500803973955136","0.00014831554413039511","0.0013857157099530901","0.011700401863427266","0.20905188166664804","0.26129533673461725","0.0027010358069975661","0.0011819826023612139","0.00040980825597206397","0.00089342091000550684","0.0086368370425916555","0.00045352331896304359","0.0035747384577541684","0.0035383235125963372","0.035677832773059949","0.05889424447935139","0.011778953994073407","0.0020301182692754934","0.00077615130890344925","0.078472869833650788","0.15981539623964613","0.059750741135046352","0.047348075333808505","0.060801562066907559","0.20196904274788186","0.34198876551818336","0.02049179233571639","0.031746134721060588","0.040487650711080424","0.1074147316033561","0.052128763359753527","0.00042429154332019448","0.0019864181880418917","0.011501338537396353","0.078782561009675997","0.15961363400311313","0.0007234898328682929","0.0016727516715015049","0.00084901732573038871","0.0","0.0012204192362069498","0.011351664612820365","0.0015274264224711999","0.00064731281952223776","0.13544182848116776","0.31591017686764855","0.0016530333421943941","0.0015755836715269944","0.01180046377409036","0.0","0.002458876889729619","0.00069654752997319179","0.00084913770606002189","0.0003943293193250149","0.081431610726466999","0.16843317269908409","0.010901356451329388","0.0011083259923059714","0.00061099142467586941","0.049868720314351356","0.09721255126782774","0.041316328053795696","0.040445559776197015","0.010349168375866314","0.1629840579906818","0.37357980967100213","0.03020212554298846","0.0308281236261977","0.054467495841451267","0.13486050546735448","0.067209848732098149","0.00049431527669411819","0.0014161065855057007","0.00057994742151138931","0.043467113634526863","0.082532776263760863","0.01405840863530658","0.00054330931442654596","0.00038203741838187944","0.0","0.0013744758925853134","0.00073004994430325969","0.0022445196816121239","0.00061978499309861632","0.16040923745930749","0.29078070777270348","0.0029311726048891445","0.0020786590445099722","0.00077940676791419345","0.00028458593472296078","0.0083337815241734236","0.00084824120630416864","0.0035922310554210839","0.0034526181121147079","0.032277580282508288","0.05168818799390254","0.019888395442629277","0.0014247999986716855","0.00011129499733635084","0.10936646155822916","0.13194916788429195","0.05915451125537087","0.047532999782249646","0.062393590321302907","0.17113160146526687","0.1458862859805754","0.034889658402633986","0.022094491670244198","0.020143589106868504","0.028309239431608658","0.028559958376056363","0.031198341791874598","0.024427794826575706","0.01515819616229579","0.11000303529320743","0.32722597341747423","0.029622468845480181","0.016588766284372627","0.0051549037256070022","0.0028883932453492977","0.0066242144370837084","0.012931889670165467","0.010186630774984207","0.03331482838030133","0.094791291590422211","0.18044034691132768","0.014003994272971165","0.022212053392032829","0.00066880067308835653","0.001651828796295799","0.014899254098699809","0.0088509641823008127","0.020044168775739519","0.019941594306236907","0.0977625931733105","0.33204426087059263","0.0075157122303264835","0.02586127094362993","0.0123136121318619","0.037618183673357203","0.021343873248895931","0.030323473353261066","0.026862841343488427","0.036142798786442915","0.089498329737858387","0.17749971775911386","0.043681530055039462","0.03117709415408473","0.05980737095547832","0.092376141115893165","0.06053095613193573","0.0019118430662268863","0.007042147464592273","0.007899849372609534","0.016499337886196199","0.23665583033917723","0.010521654646450393","0.026666442980964024","0.0029123162121060257","0.0066263650456923522","0.017749989899684689","0.011813111040981629","0.0098505094753174541","0.020659773031287274","0.15811796040261872","0.19556542506632058","0.033978164853834932","0.017802847280522921","0.024874954166478423","0.0027629590492337175","0.0071638292089692924","0.0067576319972683175","0.021157332680745555","0.015097965218270438","0.0092966877564416451","0.15222982440470242","0.0096197499865590293","0.023896131980151579","0.012475952305702016","0.10015579754178394","0.10836588102200499","0.025144046451770072","0.050541480471406684","0.057046428323574566","0.1260668770558355","0.98765726078501404","0.0072429257451283886","0.00091280708020796122","0.00085327618367265947","0.00017859268960590546","0.00017859268960590546","0.0009921816089216971","0.0008929634480295273","0.00017859268960590546","0.00035718537921181092","0.0001984363217843394","9.9218160892169702e-05","7.9374528713735759e-05","3.9687264356867879e-05","3.9687264356867879e-05","0.0","5.9530896535301823e-05","0.0","1.984363217843394e-05","1.984363217843394e-05","0.0091677580664364811","0.041870063896495613","0.7713815136722626","0.0064888677223478982","0.0017263959995237528","0.0013692106203119418","0.0014882724133825455","0.0007739016549589237","0.0005556217009961503","0.00063499622970988607","0.00059530896535301824","0.0007739016549589237","0.00065483986188831999","0.0010318688732785649","0.0054371552168908993","0.0024606103901258086","0.129320950906854","0.02226455530420288","0.0018653014247727905","0.00013890542524903757","1.0"
"0.24786093527913666","0.032480741630276262","0.032193528284046889","0.031094542889073939","0.033857556732868818","0.035759599906968136","0.017545223554067978","0.017691010873372659","0.03564425224653868","0.07734650175417021","0.16772140201579167","0.016448563280890553","0.017018376108507833","0.0066706081285191291","0.010371095073621724","0.023832115907611223","0.024320412272529349","0.019170917115959765","0.02457816714672971","0.12839444371755948","0.28999178181523344","0.033421816187694735","0.022054350553460108","0.016571206378481893","0.029123496531479942","0.031526538302693204","0.011757283623100313","0.010970487356305451","0.022456097315183398","0.064743492097985147","0.14072036814537567","0.019292219440394772","0.015877121929556072","0.016863150770323913","0.031663515424407325","0.050883642579487832","0.016999958828421528","0.026885740249852786","0.052591562385054996","0.095606165628299586","0.26804721130282066","0.02891877451425557","0.039831328852874368","0.020769612927535496","0.028499661216059215","0.015706657608310914","0.015162256344995578","0.027043529995617117","0.020149040769705157","0.06600149876979429","0.19959279170351779","0.010853126354729806","0.0059549405403278143","0.020766888734158512","0.0079865326814353849","0.008556504420437757","0.010093929696067625","0.025138421337104699","0.030752421823874759","0.1501748631774025","0.24057875055419997","0.034327907600360141","0.015256559704576518","0.020506692330016826","0.020585430354721757","0.047206692717538599","0.020000176974818713","0.025048942896327239","0.023848180577419706","0.088783805912104302","0.17930208526758176","0.010400247971997059","0.021837026860953641","0.0050253773473053947","0.027829313743260659","0.059388475146459507","0.027292508807670382","0.021619320368989316","0.032083061637953741","0.079079436862605781","0.26763440995406962","0.034281905385236032","0.033359444561198923","0.033227169202170753","0.052878444173636033","0.029820150628977068","0.032500923783369072","0.0081534951461297855","0.026191140139212706","0.068307906805908258","0.15987312826347927","0.016456467298997829","0.017264335674440117","0.0068776072593187687","0.013854363625861801","0.015438135345994652","0.024297501124347753","0.018588772685782802","0.039803298814127051","0.10119139451545105","0.25109193580294337","0.043184762345655735","0.010743717005647205","0.023780304058597265","0.016665295705392449","0.030740612906129793","0.017557937517211998","0.015453569646830602","0.01944650005544377","0.068790520895432236","0.10961868097270712","0.020458308847958719","0.013420221431928399","0.020226850528235436","0.031740144114502294","0.043418650891000242","0.033035147957910967","0.028033782538982824","0.05421293815194432","0.1483801149264142","0.2458982777182438","0.0241956059012092","0.047539172414277124","0.024650617676316829","0.026163556911461675","0.015110033658988256","0.020200669890791337","0.017807914018893652","0.020678866471421906","0.066426332707266167","0.17836229470384668","0.013069964570302928","0.014460099418800129","0.0089852267516569786","0.0055931117423287996","0.0116725617681065","0.0082077860478126877","0.020449487947923339","0.03935818300057034","0.19117022977596448","0.21776033641472123","0.031028628238679103","0.029014832522484608","0.018148789743610595","0.021801015063446411","0.043287854116102378","0.015414971347357819","0.024891373316506996","0.035360024920758161","0.083594215853658727","0.14830738749017175","0.024811153079035364","0.0073534440996754014","0.011457440301647168","0.032576294098163545","0.06958470961506677","0.031994876650255244","0.026531693078233821","0.030330836509323614","0.096750117862690499","0.24387371266522828","0.030155632035461816","0.037358526688689081","0.037390788629933079","0.042558214324574614","0.039641451850346968","0.02810426467052644","0.0082045440884561133","0.026535927436307508","0.071180763133456254","0.14946647032072438","0.016737584234452825","0.016323826987752307","0.0058099362865449977","0.013118768851633995","0.021416914196748137","0.021540687247681399","0.021838817055945932","0.030483977610237949","0.13825918631000828","0.28949303727164638","0.047268696233516698","0.018040206610826327","0.014238787694077343","0.014565199425907435","0.036293051409502002","0.017901465397155675","0.016504370372039435","0.015579852735159869","0.059560518974888586","0.12626980501490226","0.012028852011984012","0.015152046268573497","0.018467466628319607","0.02964361562751823","0.050229963883628721","0.025075714994410966","0.02700435495050613","0.048898409583698239","0.11778458140133524","0.2806407972960529","0.030417994091885621","0.039406829339332386","0.028940453277668591","0.028988257641099972","0.018505249875731919","0.01561386229310785","0.020605348800470769","0.018741051830544482","0.061958274919545323","0.18110328379820592","0.011565619097794017","0.0091727805594359162","0.0089871654221765594","0.0099083738064736828","0.01043711003072411","0.0040547062121517596","0.019953403761663231","0.036154227106360959","0.16484520391408697","0.24013529534728623","0.029554987643457063","0.032857528338326343","0.016038470822623149","0.018718145036081421","0.043518005371203865","0.014389093842974598","0.025546725067989356","0.034378811209675612","0.074154103048197126","0.15751294981978936","0.019170333972539012","0.0098257703387785045","0.014461353912437048","0.036339159234282825","0.062270137894744185","0.02992457977255987","0.022414958023084092","0.037718886360436125","0.081070699417438857","0.2470176269036749","0.042322954277297584","0.013443267628597945","0.012994623506612919","0.0078835986142601292","0.010250608012065343","0.011756791706265647","0.018534221382682153","0.030407817910207077","0.11326144589472473","0.2355873690365991","0.033732304776082626","0.0035129657235412818","0.015436726901807404","0.01010380451689458","0.012386902405174451","0.017517611384508636","0.027048947255268695","0.024408927603445284","0.11239147775382648","0.22291861380552291","0.01971340476554247","0.018026979245289131","0.022243090785346135","0.0099080190082398763","0.027073066214394991","0.018641385627731617","0.018054637731375917","0.023052473653891684","0.10388968312872573","0.20381374781326095","0.031202294173373325","0.027169454280728655","0.012549957772847346","0.0038706658155272379","0.01739678304847269","0.014218730556217272","0.037560059187843081","0.027437094509582545","0.14125985224905885","0.21002102728686803","0.037211505171728117","0.019817911711039183","0.012198729654306252","0.0082012569335463571","0.014154740740808977","0.017512322142048165","0.024820126901481793","0.040733149260431263","0.082894058198698634","0.23807050874754507","0.015865029715405227","0.019106293498265148","0.020151211615211793","0.015299308692925588","0.016061604951489818","0.0075113539003957347","0.0059876167418730234","0.027503329972504698","0.16687890716217821","0.21779939460152001","0.037653079948297773","0.018959932815055081","0.01002314556150222","0.0054950461725610834","0.055018510651047466","0.028271267341548195","0.035256557512051374","0.036872614736052176","0.11945709513416185","0.2100588945140662","0.016661212085991535","0.0074659549611726418","0.020010623168860351","0.024198146206074172","0.018841899402516116","0.015684427632732319","0.011900382904492088","0.02219948836835766","0.088172318655263995","0.0078384669517674449","1.0826611811833486e-05","0.0","0.0","8.6612894494667887e-05","0.017062740215449575","0.96758512423537058","0.0050776809397499048","0.0010826611811833487","0.00042223786066150599","0.00025983868348400369","0.00019487901261300275","0.00015157256536566882","8.6612894494667887e-05","2.1653223623666972e-05","7.5786282682834412e-05","2.1653223623666972e-05","0.0","1.0826611811833486e-05","1.0826611811833486e-05","0.00027066529529583716","0.00045471769609700642","0.00068207654414550968","0.0010068748985005143","0.0012017539111135169","0.0023818545986033671","0.23707031884371785","0.54051859470578678","0.071596383911654848","0.010263627997618145","0.0090185676392572946","0.0066908460997130948","0.0061819953445569212","0.0052833865641747418","0.0046987495263357331","0.0034536891679748821","0.0030964109781843772","0.0035403020624695503","0.080766524116277813","0.011822660098522168","1.0"
"0.22007319973867065","0.060347315467702931","0.021008966678509176","0.038381237294509638","0.022471709247556183","0.014252127729438775","0.0063187360441425266","0.019287642096151102","0.022968163834810994","0.062078932998328083","0.19405518888937048","0.030255571207902246","0.023797962152085381","0.018657514163408662","0.016535275928694047","0.012243286944675672","0.024008742240281464","0.020388003793723599","0.039666286376347115","0.13320412980725582","0.19157860381729969","0.023706248485746637","0.0072776580863359846","0.0067180959725727752","0.01478127044077426","0.014567096930708404","0.016602266346368865","0.011681780147866135","0.021697567728852316","0.079017008122288665","0.23697171191559246","0.04221500180869428","0.023836392971091924","0.023823714447512537","0.020170853877938114","0.035637017755781986","0.028289798090697597","0.048255404261176381","0.03894775339934068","0.11422474957401339","0.25044852954100677","0.044559332773738788","0.027804587312260664","0.018872204286721993","0.02583806553878646","0.033428361836206524","0.013624472160133452","0.0059507435558936624","0.01511358962484079","0.033277658534021912","0.16220284677074237","0.026540231311539899","0.020593147397587178","0.011865050271421545","0.023814333554371223","0.018067439303072756","0.025648820526174534","0.019385749877485082","0.047766224244360146","0.1751986044700401","0.18901515020921378","0.035424950033669238","0.019454408026080422","0.0087498559819972777","0.017394537683478543","0.010241810126806628","0.011000800187037169","0.013075297857917962","0.01408314200842147","0.046224656041793259","0.13068041046637938","0.024431981152547234","0.026969947193908411","0.023271416008390763","0.037807046240135075","0.098753683552926561","0.045022877838701229","0.040606544208479291","0.033876772973146757","0.17391470787561328","0.2369249375979344","0.046690091208273374","0.035884409074322755","0.040335673565275371","0.013733144187230381","0.017103141288671301","0.0073104525261219909","0.018919345534466798","0.01266366639014598","0.081780367574461776","0.1769629836453796","0.02464980357997253","0.028893215723743034","0.011422728362750241","0.0087475020387291595","0.016842820011366853","0.02361112237211033","0.012333853362994678","0.038970958059364944","0.14621977757904137","0.20688884259420226","0.020302740709637383","0.007340088727442913","0.010137009283041105","0.020549002890250689","0.010188584366217999","0.011561968152312765","0.0029078865584358043","0.016836175079694597","0.078848856613659979","0.23055037334198616","0.031746067096723937","0.012889914286154954","0.021729771880771801","0.020902555867210102","0.04680804977817369","0.033604729141558758","0.040975567113204478","0.051027359687814383","0.12420445127569843","0.28892209648722073","0.045108949630257217","0.025901730679707188","0.019875009957986457","0.047631196594266276","0.023741130874489823","0.008267037361712708","0.0059484406968287927","0.012002526368410957","0.046292005330747683","0.15248659486773322","0.028756539681186029","0.010365432077662903","0.0097803282010694593","0.016521669042427564","0.020898503087190344","0.020124925979822589","0.016069955128329729","0.036948133967450329","0.16435778703411491","0.19661987257429872","0.023863675121806788","0.010322888163256898","0.010090460961672763","0.019623370228022088","0.0083573907704532057","0.0087093554534708115","0.0076508626272612373","0.010150043236015273","0.048669882922275039","0.11860062422714118","0.029370274729904951","0.020887574638611031","0.017064822799769713","0.054649213962644286","0.087428253841722287","0.051368029420105564","0.037108127838103445","0.049423946671867926","0.19004132635604892","0.23490999925902603","0.052768083437020594","0.026995105513438325","0.038627277219678069","0.012466254426780968","0.016903989383051602","0.0063522504870582577","0.016054315657920346","0.012994541066336556","0.06201670369811639","0.19892271528030253","0.040123266010513262","0.012733457785333867","0.012234953922077052","0.0092888931071897218","0.013503316760827192","0.027170788599517964","0.010393237658753485","0.041596507869194582","0.15394433671967506","0.21595091788903373","0.021193524799382447","0.0082422905001633354","0.005688124605853208","0.020528275657442845","0.01268425583784643","0.0085626474339907509","0.006663766937610097","0.01325459210403759","0.088943306548113221","0.21977883236970172","0.026309659937378927","0.011799207571859814","0.0267419763789149","0.025487437293263086","0.03933391616901076","0.035499386902390864","0.040987113875997468","0.052553108677970653","0.11979765299652399","0.27840214428122367","0.053092356163706528","0.017556556110033053","0.018769796099876519","0.039890788441373955","0.036324686405868556","0.007449474566794222","0.0057525764375462715","0.006494735218959412","0.035887947493082294","0.17437451121100164","0.022363134252381508","0.0088968113903743293","0.011700542410089568","0.027199531170779882","0.0051732947392486555","0.019712767116576713","0.017643162455141807","0.037808272693976561","0.17550690447262618","0.21764294016911351","0.021204411233611446","0.010422086558945656","0.0099746779563106448","0.017087837608141573","0.0078017385481902657","0.0062425268098725718","0.01038174628747964","0.0094573414399184083","0.047918670887799983","0.11936726542259136","0.027741965088043666","0.022149386830731786","0.015248775155572641","0.036946816582416768","0.11662548904991098","0.039899278847888756","0.033871566179244653","0.049919074395541677","0.18009640160737794","0.25004051472964123","0.023052081701269791","0.023965531493597193","0.012218047260683228","0.0070128115031177322","0.009623249688684431","0.011466324161047765","0.023066792419015072","0.034656124111504302","0.084753670587659133","0.25136950778921635","0.03082615127954547","0.023327163249349154","0.0073458528600749504","0.017895477215164761","0.011934886896013694","0.013860474987097407","0.016931117937423131","0.030480035303854944","0.11617417627498151","0.20767268966238669","0.017112930920897166","0.0065752134306137668","0.012479830288869528","0.0036711996249341348","0.012772052797384498","0.015153386923935808","0.0086636266366951729","0.024032576908560213","0.096507652854666406","0.32738028846353334","0.046046882198771115","0.027209476411115447","0.029376183099306168","0.013451563509425371","0.014206666050878917","0.0066500345661890713","0.018204404242694382","0.028767284276596073","0.084066052171797814","0.23223776824959083","0.020154949711971178","0.021585288102945875","0.011099986298020639","0.018141711984352063","0.028493185896791486","0.0033496662229146323","0.018368926635201843","0.0081980523194910664","0.044191837622293478","0.21690150117792659","0.0077793111967004603","0.024820223194579414","0.024147753858617386","0.0078614784193208245","0.020314502094712892","0.035515000082518323","0.043313060076048432","0.034745985583035828","0.17877980496618454","0.15267308932024742","0.035779341206113265","0.032436079102846169","0.015928366362654271","0.011282879126845715","0.017082538233094195","0.018509660466712218","0.028892388309312036","0.022823666247731942","0.060843683372427508","0.20024017142121783","0.020375621041199974","0.038817356448360735","0.020081235842920268","0.039200498115585736","0.05141325505606624","0.024067574252359853","0.04057502254303838","0.05062166630727355","0.11835589908988407","0.0086060233864743516","1.6597923599757669e-05","0.0018091736723735861","0.98191656223806401","0.0063155099297077938","0.00060582421139115494","0.00028216470119588039","0.00014108235059794019","7.4690656198909519e-05","7.4690656198909519e-05","3.3195847199515338e-05","3.3195847199515338e-05","1.6597923599757669e-05","8.2989617998788345e-06","8.2989617998788345e-06","8.2989617998788345e-06","1.6597923599757669e-05","0.0","1.6597923599757669e-05","1.6597923599757669e-05","0.00048963874619285125","0.00078010240918861048","0.0016846892453754034","0.25747528984124085","0.57465331087081006","0.035212494916885898","0.0092035486360656279","0.0075686531614894978","0.0070043237590977367","0.0064067985095064605","0.0052283459339236664","0.0044897383337344499","0.0036100483829472935","0.0035436566885482627","0.0030706158659551692","0.0025975750433620756","0.0025809771197623176","0.0038009245043445065","0.069337825837987671","0.001261442193581583","1.0"
"0.24608790647995099","0.062220584938823521","0.021197397630897546","0.012803875510445246","0.046774281243016837","0.0144219619764479","0.013588826956210207","0.012909461199754753","0.026908994801334459","0.069832587078004188","0.2058007559138175","0.028784079482503701","0.021605047952179587","0.0063772731184475644","0.015903979497157841","0.015927531104740714","0.021368389556916795","0.011071492887811228","0.026298770913978722","0.1201167946131073","0.18086368719239201","0.019888481173009835","0.01003315795998907","0.026088868912791382","0.005328802629965719","0.014250066796587602","0.014804087623047619","0.02586224873156549","0.014614343889487081","0.092519305257233106","0.2179098084493207","0.035454320442422631","0.026991717589756412","0.020805774594332343","0.022748356971517125","0.08692525047376945","0.024130350169034278","0.01403509169956209","0.035568455619169805","0.11117781769991497","0.26823761514294436","0.047547923654546596","0.018847860929792716","0.020672901832321761","0.017380372870700496","0.030937596655085969","0.016971327783702625","0.0094043172785727332","0.019605905801990928","0.052363607529849435","0.15832301114521563","0.015653066234140981","0.010474345516031162","0.0050216879738605134","0.012117174148013391","0.041009780297944415","0.02519380864950203","0.020811726938595041","0.042265922483787979","0.16716003966743878","0.22554378917938406","0.023145842365261779","0.009369462490022672","0.022416618660163423","0.019230495554705393","0.022748454880380336","0.0082751130588247339","0.0056712328682551457","0.013452025481185419","0.056656692154624065","0.13641342888185337","0.010187425679877495","0.025052655243845718","0.018110140667245089","0.080971685803308546","0.087919021291099658","0.021492661925401044","0.03677445293507834","0.032800761180705393","0.14376803549975414","0.27024708903474182","0.055688972367141022","0.016344213152333333","0.017342715758379954","0.040514174952476646","0.020429939472174408","0.0048279468371698088","0.01411400918364911","0.021269979813827014","0.093253103210084773","0.18352185306885888","0.028379815068578125","0.011669556014972278","0.015367293579158468","0.004518446625550886","0.011487076446965101","0.023136450125554792","0.019367644162658147","0.015451112174875646","0.13306860282726346","0.18012516779276538","0.018327579591842134","0.02021246955107556","0.011564668018428727","0.004990149063441144","0.0079352392271320512","0.014118112124180494","0.021937766905196204","0.018268349576980873","0.089199220258750683","0.20665007500977553","0.02244424131813574","0.028469526851049819","0.013190308602748597","0.018649246852688754","0.10338496420007882","0.027854157037172155","0.018797554455141505","0.032642069245662861","0.14123912851159756","0.27459055886008749","0.045877799697979151","0.014914959784804248","0.012776853091735509","0.02504151121711173","0.038862114913963082","0.0063351494086259169","0.01359179078309139","0.019139117458998704","0.052814115742447557","0.15169458373319664","0.019208662433095512","0.009480652513841583","0.0094911108968172338","0.0095928250032015928","0.029010171306665666","0.021344647283893056","0.032122702189613987","0.022973056500915277","0.19113760988526954","0.2153210920875997","0.010747878165485541","0.021324410603132681","0.019983738976208254","0.013403441431896193","0.015205932181097066","0.010445358827668706","0.0065486298671558621","0.0085563882010592784","0.055184639706724867","0.12442954717502402","0.012402004747799948","0.016058015229593811","0.030114038178186406","0.078686070171544248","0.089589700381028939","0.033149628385211814","0.029164934174636094","0.049800975526642983","0.1598835725597467","0.2425690613094999","0.059149467090967515","0.018303186654580601","0.016188101396611709","0.039103844825839028","0.01291312849437244","0.0083801563308798024","0.015779679840744125","0.021990562596142172","0.067815616409570442","0.2105277864752875","0.032215776044762369","0.003726765797807929","0.01378393668200701","0.013570036398813812","0.0050548255480778745","0.015256853102243324","0.025609358304431461","0.028384845505305591","0.1496770052885889","0.17703229110621302","0.014077286794977967","0.014040909349154656","0.01754678037440487","0.0026862844166715021","0.0061751402829946182","0.014203885895807367","0.016576965931293871","0.020974439789878365","0.083768750151623439","0.21322256613106275","0.02018521547884836","0.026562669990996185","0.01006388731763126","0.019919009854458217","0.12177313840747704","0.012303406861094376","0.018990865539609946","0.039324421936264772","0.15057207861766847","0.2548192839152344","0.05484449113033734","0.016390977658858857","0.011471488076515445","0.025745970742990447","0.037173357477410254","0.0057346397198911421","0.012798085502394028","0.017783469291386904","0.058409092565384346","0.14698770508673351","0.017515063834147696","0.011957248772321648","0.006068431703299332","0.011213789237980651","0.039823236541029282","0.009241146302991594","0.032914468988845903","0.026672050198738445","0.20243599602423476","0.21664197823433176","0.025782848260814981","0.013417406788173932","0.020423718581795057","0.011067407637714943","0.017209893907038351","0.0095637293509526506","0.0055630113062170019","0.010757720838138821","0.052769480455548592","0.12215790595069947","0.011324462242993171","0.021803652950084837","0.023882751281096105","0.097103169896799346","0.067245782574862578","0.040286673933475313","0.031404902486334672","0.048248914904767855","0.15334458510108689","0.25575639745156054","0.044394188003586119","0.0087041167751713763","0.023572051257818534","0.015555617335832486","0.013424174170955068","0.026155674410640001","0.0098028337401686576","0.019779660384885562","0.10373546481117436","0.24949324531438666","0.024305322607816756","0.022106515220145905","0.016926207760122231","0.010095628998091114","0.012330890289798571","0.022832918124679559","0.018980841432609297","0.018644396370659642","0.083403848002890676","0.14851192028833746","0.02084392148952079","0.023001992301067368","0.020560520376919762","0.016427824209222286","0.014206751168370179","0.017624492430763805","0.034580671826797471","0.014528424462411033","0.098656550162531761","0.29220555667972775","0.033119672645697831","0.040932625062879743","0.033954168163557778","0.014979252570741843","0.028986724449546045","0.013482008181236089","0.013303753730515651","0.018755031511828276","0.10133813291640724","0.30538993130899167","0.029480053506229155","0.014107673925908597","0.011977909082923623","0.01077441349776328","0.014616132745430808","0.019070293477162891","0.015832958272620094","0.019252979453557612","0.083640369866856593","0.16799130530659362","0.025715598431582349","0.010622833975406303","0.015721282835801157","0.015699860722483513","0.029309896503192368","0.018988084570720588","0.012625220922585631","0.055977811954258258","0.12320538300879312","0.17280320148323383","0.039390643337788057","0.022709755315433153","0.017441605998172578","0.012026337335929111","0.027146524511907646","0.021507306195428608","0.015338279230844848","0.020003870068659158","0.052959401324123807","0.22500569572185125","0.024774873971411225","0.019035789624448671","0.027675196578691458","0.038945237175440212","0.03783193096954808","0.021567762832217594","0.020467396831117625","0.040685647272568543","0.14268353767497963","0.010055771505830657","0.00017745479127936455","0.92596755112388029","0.062658441777928009","0.00062531688355585598","0.00022815616021632583","4.2251140780801078e-05","0.00013520365049856346","3.3800912624640865e-05","8.4502281561602164e-06","4.2251140780801078e-05","8.4502281561602164e-06","0.0","8.4502281561602164e-06","0.0","0.0","0.0","0.0","0.0","8.4502281561602164e-06","0.00040561095149569038","0.00084502281561602162","0.0013013351360486732","0.052991380767280716","0.53673314179482845","0.27134527632246069","0.010900794321446678","0.0085178299814094981","0.006498225452087206","0.0063799222579009633","0.0054841980733479805","0.0046729761703566","0.0041237113402061857","0.0037688017576474565","0.0029406793983437554","0.002805475747845192","0.0024505661652864628","0.0034730437721818487","0.071818489099205685","0.0025435186750042251","1.0"
"0.25235965030206253","0.024410514590635628","0.023887860435323243","0.044960836001665061","0.061327593839865586","0.053408902101526427","0.028094851832918322","0.020764820510590629","0.01472835772852828","0.048792954531564126","0.19028991246594695","0.017849964668113213","0.011440817038435518","0.017472160604590975","0.014326246283838882","0.026420850442583951","0.0083310989342482468","0.021342163308732263","0.029735872823012394","0.090054566057660518","0.2281940122251889","0.048706869318342602","0.035943192152562885","0.012684308540128109","0.032224500181856318","0.04023942684980307","0.0069953956857979529","0.019220358089062042","0.023699189624452451","0.053864958182611299","0.15825864140900953","0.01376314440444353","0.013847233857440123","0.021667657529767504","0.013953544743831836","0.043152969126131022","0.026219425983999237","0.02386702853633298","0.041359858357484028","0.14213828054943667","0.21722456345664717","0.040120798667519872","0.034246056577857419","0.023818832367950842","0.087327853448667364","0.050442275169519851","0.026269244418031003","0.010648289916984941","0.016894052571347944","0.064648804790750025","0.16647815732253968","0.018584585621061394","0.0051428211349688804","0.0051753961721112043","0.009390075422950327","0.016030870863266582","0.018187498261824316","0.022279402262906239","0.020011079910915719","0.14707933638459131","0.24927176027618816","0.032148619906493738","0.016889604128595113","0.0090018238108737162","0.026838786220236471","0.034860048300619229","0.014949669850589148","0.027632918455844022","0.02470450071994023","0.068820351423626497","0.17893366601832539","0.018908288509635558","0.015885461864478062","0.0082692083139845624","0.026550488214683109","0.023790671798710247","0.023706994706129504","0.038983370478937712","0.026440247958720225","0.13341351331200382","0.20813350590670621","0.042443132526565196","0.031355722766515444","0.030846271428846536","0.065469634841738039","0.05516240130085516","0.027058161135935475","0.03713853244438272","0.022282270339425474","0.053291298287591535","0.1642408893285901","0.009048207935987717","0.019755820658380874","0.0107574877916968","0.011043683635222646","0.019853447086662493","0.014014743673043418","0.013625754003548594","0.027789324262342652","0.13668970616360593","0.2309189910017399","0.029129550165729219","0.037617831518175042","0.015843144288441937","0.04373983936855376","0.028636381803719451","0.010626445358318231","0.021783428046986433","0.019788250943684447","0.046245923164059587","0.15343043497386932","0.013499771003565088","0.0093702712795333664","0.010597538297494078","0.013723970004239718","0.044399047057702958","0.027464868759967061","0.028708691004280518","0.03191285543072634","0.18256276271857513","0.20465519981853139","0.038668129942156043","0.036270846557575127","0.044395223550987788","0.085956669309889516","0.059129565112216807","0.021443540376335172","0.00831493815042505","0.015269857502965044","0.072326232813000074","0.14360136026925049","0.011602474358196141","0.0067265867556826498","0.0065468784713075137","0.0036402318099872009","0.017814933199818684","0.01611669703295316","0.023109938085179072","0.017049052620584114","0.16736163968961262","0.2268683642453875","0.03384179462687311","0.020100226650239313","0.0060262459019618068","0.029681940466450913","0.035080235799949511","0.016574324620631548","0.015525603718334141","0.0276758872676224","0.067301241600346576","0.16354623438007748","0.025012269580132768","0.010772285636434765","0.0068948253036775643","0.019058437278654895","0.027143586058731739","0.024555315022767865","0.046652746722443225","0.020419597768462534","0.17726883215498448","0.25124473880503939","0.032268214458618993","0.026484265485017575","0.035843457259835204","0.063526745621246092","0.055110302744430018","0.027820635626939275","0.030757192382261874","0.030310770201289257","0.060784596276708062","0.1524600236925904","0.016699752385581912","0.0097522963021942424","0.011109783856312568","0.011999893018881476","0.02092855883516111","0.012125489122004925","0.01852539819854555","0.023498828913124652","0.10874905253991608","0.2528724510479729","0.029251811040636948","0.030055819356085325","0.018687827386717669","0.038863247565111753","0.036368860586033558","0.0084418469371861093","0.020771197358768229","0.022085807543824394","0.053130536214474978","0.13988124706836416","0.015259979216797169","0.012624962328481605","0.0098587573322912736","0.011884222823072554","0.049737198451729289","0.022976391334307712","0.02138506012916884","0.035875591616989937","0.16998718097445567","0.23520013918800695","0.023622874413863869","0.036285393014316207","0.033932407410152979","0.076967029044900437","0.076337915433323009","0.020974897134288024","0.010117288923092887","0.0082375190204557105","0.060455196825137225","0.15562381688641605","0.01027364729373194","0.0036734596762898852","0.0075551075403144288","0.0054511435554604436","0.016229829444171385","0.017093216157991493","0.023888766402407231","0.019507151454538546","0.15857319673282988","0.24952028375351787","0.024186576663583065","0.020962055757187698","0.0070033696829950058","0.027971048743364556","0.034779867577832295","0.014808927704240934","0.015477945890641755","0.02551376009460514","0.070043235332355486","0.16110539141405442","0.026740598137176285","0.010331648849617316","0.0040050729434470585","0.017750582019866526","0.02787792657578185","0.027124681325670353","0.0346944966945067","0.024975339419103862","0.17512718630572582","0.21498708870337829","0.027981341293398482","0.026722965765177187","0.024594950082620776","0.016077277273137115","0.019163599558463425","0.01893396054661407","0.023545468941289963","0.018529779149661977","0.061319340141475241","0.25789399763024939","0.029584031804115507","0.021794573316252487","0.015936555751180956","0.01264219215503116","0.019060593528946079","0.015479297681439247","0.030183444424138454","0.033024943176068675","0.11254459147316749","0.22152043923136336","0.033501808871034669","0.016720549315188755","0.020517551580067322","0.026469239655165528","0.016439201463383117","0.017063875509549718","0.029884190692130965","0.020276830363791465","0.10744010629495768","0.19377480158134186","0.02572123361005357","0.019112578409086711","0.022229991535694372","0.014741187681739171","0.019701914168212833","0.019093013723154837","0.025721260051796018","0.032324549782524775","0.11774566964651116","0.17194011740643853","0.040616243717904461","0.035905089398680236","0.023411307783264588","0.017936393641149462","0.020990394821219477","0.027046472040179584","0.021729393239175332","0.033939043195275659","0.085036240999286417","0.22819135072043073","0.028657151482279996","0.012778897034837484","0.021906298307964141","0.010561162602105359","0.016544314390937807","0.018827672688454564","0.015008533334316784","0.026787018084663178","0.14218689845945454","0.2190962774559754","0.028574701465804767","0.019098440342566265","0.01232702866452297","0.014696685414998592","0.041873688626592562","0.01627158991862197","0.027182079409855731","0.041934288703381575","0.095775401048595027","0.22407722057749335","0.017802893581916886","0.026554790039501439","0.0070756864934433845","0.017413299670838628","0.019827524925391082","0.018703775615115839","0.023500466517369301","0.029584216940387927","0.098629938065348685","0.0058252218106641402","0.0","0.0015505211473856491","0.98408562322336124","0.0066758549401326559","0.00093677319321216297","0.00040916530278232408","0.00019381514342320613","8.6140063743647173e-05","6.4605047807735373e-05","1.0767507967955897e-05","5.383753983977948e-05","2.1535015935911793e-05","1.0767507967955897e-05","2.1535015935911793e-05","1.0767507967955897e-05","1.0767507967955897e-05","1.0767507967955897e-05","1.0767507967955897e-05","1.0767507967955897e-05","0.00045223533465414765","0.0010013782410198983","0.0014966836075458697","0.003520975105521578","0.47837884400034458","0.36162675510379877","0.012124213971918339","0.0087324489620122323","0.0071711603066586267","0.0061267120337669054","0.0054914290636575071","0.0045654233784132997","0.004436213282797829","0.0036501852011370487","0.0033594624860022394","0.0030041347230596949","0.0031441123266431215","0.004446980790765785","0.085321733138082528","0.0019489189422000172","1.0"
"0.22695337526019399","0.03312026630739142","0.026048115558242057","0.014232137083976465","0.021184309414899561","0.017862952459740029","0.013099116051611856","0.022180875373614028","0.019918032242171875","0.064013344388519161","0.28076613801455047","0.02499432031462278","0.03000567802332952","0.014828320622890174","0.015378552498233075","0.012148644511168628","0.0091533185693356747","0.033202204435444929","0.021079467599909255","0.09983081800584305","0.22517936307401495","0.037516689003514264","0.041490620939738571","0.037997387564215002","0.062966859878244963","0.031475484823041772","0.031547596904977153","0.025691676702529715","0.019723991816046033","0.0586972674541947","0.11356332632137682","0.013756503653682563","0.015880056447643804","0.010323639992548176","0.039483254363063762","0.028594526714942059","0.030746266585062621","0.024755103309425916","0.049388263048079604","0.10122211786138767","0.2133927132724307","0.02583001155013705","0.038454495636712965","0.014650797789232383","0.026476753274916102","0.026224388288486129","0.019707276561154185","0.021741107505914906","0.018792507674515686","0.082955503173567119","0.24988936021246838","0.017391374427935553","0.021270190069976852","0.018454152001323623","0.0212586267031677","0.019975981087640565","0.017153342477011533","0.034644184137275734","0.021546410333312765","0.090190811067546173","0.25743173766435329","0.035993290885274656","0.028863779380758205","0.033293033131049615","0.035669874066974652","0.056665625860858305","0.025835038111034585","0.016513464011126858","0.021710607452351267","0.05643705774986113","0.13935730397777416","0.023841039937578568","0.01931398841108576","0.013961161111415824","0.02688266853657989","0.008776795554737267","0.028468634691065576","0.028335868898833255","0.020911136593213323","0.12173788992197435","0.23396190771300959","0.030156290235413549","0.021528755046797771","0.0088618938471115311","0.016524923160773478","0.032855251123758686","0.0071964626882028149","0.021392537780406846","0.015906618183390155","0.070483071999898173","0.27692472458526735","0.04538491311723393","0.021977047073623069","0.0077301363839394153","0.012250254196615438","0.012258707042276799","0.018155630855445287","0.018215730909916367","0.032193039072310435","0.096042091111145519","0.21990214078188164","0.055569615928628455","0.031858887770742264","0.04843844170141115","0.044291199764918292","0.051853978139830989","0.042008735232577525","0.016075675799938086","0.01679695982965684","0.051004583654200381","0.11198356363321529","0.0056383477742967788","0.0066841069508516331","0.019318386159758984","0.027922291494839203","0.038895391499925665","0.027782124510904272","0.025947489784832866","0.057322850757233826","0.10070522623483801","0.21198419865093876","0.032021285702632414","0.032949527858375426","0.025034769174971723","0.025911798664630413","0.022713103670843279","0.019712904944250299","0.022582497216493032","0.021336259951241474","0.085219059162991384","0.24189946727031161","0.024727022890162362","0.016446007136373841","0.017365957118419172","0.022292632897307527","0.02125052277592647","0.013921251010087106","0.034890277138313594","0.017003205976557145","0.090738236862230814","0.2405607423243615","0.044234165099149611","0.025270192492077771","0.03597531329128565","0.040786901074215211","0.060228493766175034","0.029545200508455355","0.016193834830270117","0.016478271489409321","0.050045134783229347","0.12797540845982144","0.023555899342128973","0.012207324116760784","0.013747428320930807","0.025424802892692638","0.020094259278665254","0.028885277916060579","0.028072154096217182","0.024393481278253606","0.13632571127976584","0.23383753878062197","0.031721166827201136","0.017139032373090893","0.012106946872428038","0.011653969455560917","0.032487274858182084","0.0096926859387457161","0.01210541147936277","0.024422845125528905","0.073613062678321725","0.27305200716814004","0.046808026279737576","0.026192630963222212","0.0055021769619159793","0.0077716309885053521","0.013571370217865872","0.016556087143544021","0.018422701827536237","0.037763871506322634","0.095579548405688997","0.20624214376004915","0.049883662071546292","0.039613646750686043","0.033911153722633168","0.062254291492722304","0.046884221337503008","0.041459064078334475","0.020138552703346552","0.014906390696579393","0.059538668069778609","0.10246007397772999","0.0062613696512795929","0.0071687498701031608","0.011984540278566228","0.043001556913366899","0.029298065954436708","0.026850797068473164","0.019348796122619701","0.062204001785522343","0.11659025132406234","0.21644132830419738","0.033830406842044337","0.028089034238832505","0.029230549447572248","0.021855345937900318","0.017980770770223215","0.023511872355760063","0.019573706919476935","0.023361315679787973","0.087879063608051755","0.23998294994581937","0.028390944035846424","0.01382108571956301","0.025484601745202017","0.017226835559445177","0.013758969350299192","0.027044469558621918","0.011571306883745146","0.027154848595259184","0.093810580332216023","0.26580739490915634","0.041079024119392564","0.033293849663801341","0.027543017078765355","0.046929013649823437","0.061985426185587604","0.021630670855628316","0.022082115414406606","0.017151213358443843","0.057011087790408262","0.12022813560251605","0.020182472587973368","0.011014101983782252","0.013635438738020875","0.026709230340966894","0.013162227214880416","0.027196481240831776","0.030558761077937681","0.024926334593358482","0.11787400042190825","0.23052956660936733","0.02172695353046071","0.020910086639377774","0.012379544824642043","0.010146591646872602","0.020132969910432355","0.0082558282641466748","0.015446878054457484","0.022461846965678128","0.086933932933415212","0.28836945241341577","0.028805532763092861","0.020334522191379822","0.0047095432468449196","0.0016610674799136852","0.010752706816506721","0.013002237787215307","0.014878868043748255","0.022789849352732511","0.14577201065872347","0.22810590075233658","0.034251269858470379","0.029037504772112498","0.014033603395678338","0.013211284279624952","0.017840836421590914","0.01488911177355918","0.02314774798681293","0.038631506850905516","0.10014071819999582","0.18658041648240434","0.030086492067654201","0.031987285343165306","0.022910387383940502","0.016891257873820606","0.016746276551894583","0.027429908331343785","0.018547003299661705","0.040170808681677522","0.095360670580588988","0.19909645556663128","0.02835401606622814","0.023935357759105127","0.014366768303932747","0.011594528425620473","0.021054319330332048","0.014115168823685312","0.028909449500949938","0.025273850239012869","0.087942003920760431","0.25611839425523242","0.016264101560226597","0.013204459393783714","0.029960706262988163","0.018741597811107097","0.018235694533432215","0.020658494499609416","0.021900393375025015","0.029884194173207722","0.12039003775437725","0.2305485147078063","0.026682385767148414","0.01731976426088444","0.031110452490675747","0.017110872779035086","0.02580926854052629","0.02553412857327296","0.026004530014398942","0.017023441989130576","0.12121974914600134","0.17476794585788491","0.028778354384376897","0.028519507481720944","0.015469495630011437","0.011948227196737994","0.015853546909993861","0.012138400251679247","0.024048904481079807","0.03433188605850393","0.11578061666202791","0.00015944724953494553","0.0024802905483213749","0.34924262556470903","0.64037558685446005","0.0040924794047302688","0.0015058906900522633","0.00054920719284259011","0.00033661086012932946","0.00033661086012932946","0.00021259633271326071","0.0001771636105943839","0.00014173088847550713","0.00012401452741606873","7.0865444237753564e-05","5.3149083178315176e-05","3.5432722118876782e-05","3.5432722118876782e-05","0.0","3.5432722118876782e-05","3.5432722118876782e-05","0.00038975994330764461","0.00062007263708034372","0.00074408716449641242","0.00086810169191248122","0.0019665160775976616","0.0075117370892018778","0.50240056692355395","0.31294180175391972","0.0138896270705997","0.0097085658605722391","0.0072637080343697404","0.0066790681194082739","0.0054212064841881475","0.0052440428735937641","0.0044822393480379134","0.0035078394897688015","0.0030294977411639648","0.0040216139604925148","0.093808131809726289","0.015501815927008592","1.0"
"0.25003686152139226","0.026178641495125998","0.02837792047558255","0.025960251329600118","0.014815009143407581","0.027789773506456429","0.027514685035465006","0.0093583391769737345","0.02264996283608834","0.086420996247458637","0.18657033620811203","0.023317014593511268","0.016707180302314006","0.011927931964897661","0.023212288936567994","0.020881606158036803","0.028012775976549456","0.032570188314897136","0.032425624044691168","0.10527260571855919","0.19003590173285501","0.024298081217114954","0.024582776716524188","0.01882254403949956","0.015310876140768708","0.020084711322247387","0.020805498638382248","0.032113635667759155","0.024014103620590619","0.046917782407497874","0.18856801254126851","0.022498937532771365","0.017007627857845441","0.019472376483894323","0.03005475856556674","0.067103177472736877","0.044770923742821982","0.03906756136665273","0.031566570166691663","0.12290413634166583","0.26638356427346593","0.023366858108490773","0.031129943798547773","0.012312023828624662","0.027330781601245868","0.012717261068974126","0.027241280403699223","0.0072044793521391301","0.013605337724371664","0.048122180249495668","0.17434355093869927","0.017695573134482043","0.017456893804533979","0.013555788197751217","0.025290165660970781","0.027252026002023259","0.021347331086753914","0.014285550234862688","0.057051758820223446","0.16230764444095175","0.20968470435092798","0.034470917518630545","0.017362972285385095","0.019593424061021821","0.019100143972125911","0.014863744773018342","0.0064581897298282573","0.031694096040764917","0.016112306155966226","0.067285775550615629","0.14654722517269397","0.017131626538152388","0.023513545372382993","0.03687395269067107","0.069303347531483303","0.052603909168545133","0.049802247418562942","0.031653613587462999","0.041416127363964952","0.094528125431520893","0.2345319642998093","0.039187903708033558","0.035062946956954874","0.011632105675094888","0.035024551958606459","0.016562623542133371","0.018241909895738578","0.018567778847699671","0.02160931185906766","0.084275578836595907","0.18761523884090353","0.012327071499558206","0.022410262304354233","0.0079376034654196018","0.022746509982933098","0.015986530829911378","0.028948061226107515","0.031484070576117018","0.029427438883239017","0.12642053062461633","0.19409344876070517","0.026035764633099669","0.022385911655641477","0.017714406792622463","0.013404235094859466","0.012397444254202661","0.012910592941456005","0.032508681635978823","0.036594953146661308","0.040005606675538131","0.18008865943594299","0.02231551206110443","0.017912891399634728","0.018243611303662685","0.048554351767450515","0.055060653800660164","0.046279182289179807","0.033229194220346758","0.041898847791049805","0.12836604490547623","0.25322371074621608","0.048994243845472442","0.018249080496599096","0.018977990143869437","0.022467994510742821","0.02793625025071542","0.0096856232066624658","0.021754856675570304","0.009471647564592886","0.048777215115265941","0.16653221154278397","0.014119945105270218","0.015009704832146703","0.0074664802076283661","0.019724778245482584","0.041078677919744733","0.019112619785896803","0.01327239023548084","0.054505384557635657","0.16963918765691813","0.18582536462162633","0.033202712820585623","0.013632673510510339","0.026172898837002977","0.01948707374030852","0.0084873224393266535","0.016939199105241078","0.01151375423130103","0.03100500356749681","0.059888629735515994","0.12924243783943148","0.013256423354821483","0.031078871953224885","0.029351120001180432","0.063430861256381296","0.075214437413682944","0.06057075721870455","0.021082810908399762","0.046618591353421564","0.12399905161998333","0.23983933912519245","0.027596763052819259","0.037607906338984372","0.014403206812110216","0.034039848826998551","0.017174419987964918","0.015403154034191081","0.022393684058183875","0.021723088009443309","0.081648518271164233","0.18613377785318905","0.01286348813633267","0.023190964476298474","0.0077668039542427725","0.021487117614186011","0.016754968353475893","0.019673696728252716","0.034334967054001062","0.037864016164485745","0.12810026527696633","0.19307439429917567","0.028283394990181374","0.016786392197496607","0.026375334292194897","0.0074316524536534182","0.010005944502966106","0.013109215635723991","0.037010207104180334","0.03246774123324233","0.054259592423045767","0.16435021991434778","0.026074067137105486","0.013974654516029349","0.018077499927411787","0.040332303709629994","0.058284422492798381","0.055403960249930773","0.031629096816442548","0.043656974868637212","0.12941292599374613","0.24677535723228644","0.057397253956618537","0.012885633572796124","0.018701957086176026","0.032950574472307946","0.019423796104181643","0.010885670648754281","0.014745593566710914","0.012100815860994259","0.05040970910102293","0.16643994734817155","0.016983908915533467","0.015814959144791293","0.0029155756293520697","0.02947155020524822","0.034280733054620795","0.0157421153730792","0.012795045849138369","0.043398325251104472","0.18588147035045896","0.21581231982389895","0.023940059568082896","0.021469477035173219","0.021513890363445944","0.019102629854081142","0.010071025718794192","0.014582869558591546","0.011627308134864551","0.020242184806458677","0.072071152576563116","0.11944019425912729","0.021103069273254282","0.031232597344839731","0.02520565581057856","0.08458489114411151","0.06232154409561113","0.050956061465589085","0.024816047764349258","0.046235095281195321","0.10367192177643353","0.22282972442655205","0.035162081428629255","0.015944595301501507","0.031321226259558771","0.0089942939840902611","0.022607583174844986","0.01965959540873536","0.010866410404048649","0.031690161122679042","0.065653661007615605","0.25251704585454182","0.031430446563249184","0.018608615709773822","0.0074733073722062868","0.019769003354966643","0.010509978459704255","0.021613114742945368","0.015173872082233497","0.0427441906122802","0.11543108415067443","0.20340268060799441","0.033002977556418019","0.01374618271231059","0.010803109014753622","0.013812788089916428","0.022180078011911828","0.017362176363611096","0.013940208360389681","0.021238424794783745","0.096249175800429299","0.25085668744646894","0.028270829113611885","0.015008365288519211","0.023865558098583341","0.0036635569816026552","0.031812814596740874","0.024073820641499707","0.020122108402617547","0.026979982774433076","0.12960846677670593","0.25095440295170846","0.027593637917323093","0.017341155195701431","0.0094848295079487648","0.0063691426639744019","0.0096977564237766163","0.012618257965063705","0.013436205845829448","0.024934898437416864","0.068225422353786647","0.20648363593521671","0.022905983309197794","0.015242105658789891","0.014669586341272181","0.0249469710229933","0.032267008929028021","0.01535052468478007","0.020768113891097756","0.053446271203819451","0.15326408343682305","0.18058670519834158","0.0357160699093685","0.034450562029715186","0.0090696887666830324","0.015280534501246019","0.015509137450934404","0.011426792001811027","0.029118103384904465","0.021705617103330931","0.07495713960664703","0.23379889423908459","0.025593722897475805","0.019829816749309791","0.022438501796987167","0.021492480901664533","0.042462317237088161","0.020006857866920223","0.037787175115196095","0.01161724941984967","0.13715262668592332","0.0064961748633879778","0.0","0.0","0.0","0.00027978142076502731","0.10592349726775956","0.8825530054644809","0.0029464480874316938","0.00087431693989071038","0.00034098360655737702","0.00018360655737704917","0.00014863387978142077","9.6174863387978141e-05","5.245901639344262e-05","2.622950819672131e-05","8.7431693989071034e-06","3.4972677595628414e-05","8.7431693989071034e-06","8.7431693989071034e-06","1.7486338797814207e-05","0.0002360655737704918","0.00040218579234972679","0.00069071038251366124","0.00097049180327868855","0.001512568306010929","0.11888961748633879","0.49559781420765026","0.25015081967213115","0.011296174863387978","0.0090404371584699456","0.0079300546448087435","0.0061464480874316944","0.005420765027322404","0.0046513661202185795","0.0036721311475409837","0.0032000000000000002","0.0029202185792349725","0.0029901639344262296","0.070592349726775958","0.0036896174863387979","1.0"
"0.25204692255232625","0.0470574361013315","0.024929945904686529","0.026067403094467506","0.034904423365719715","0.018801372108912275","0.023666035413726014","0.034777263825386102","0.030904385688364049","0.055007851466406667","0.19810582708184493","0.016684891428454984","0.011870014764067962","0.0072007628959517142","0.012868648734355292","0.021185266273805296","0.009780273500093032","0.027861505994014862","0.023661199070825943","0.1226185642500861","0.21197492451737074","0.038516859655859256","0.019385689643250582","0.022960803437710474","0.010453286871245859","0.011967194077598416","0.0091510258456297035","0.014778117555213247","0.016250130171343857","0.058341902210205479","0.19175616284585972","0.014244133484915281","0.02932037826543861","0.027282468940622896","0.057078995976331919","0.066374219333802914","0.041654781684162721","0.02437068968271101","0.026646071172403939","0.10749215891908544","0.2250516849317917","0.043813372690136423","0.040546343130634141","0.029512151361888235","0.021318931813288665","0.014136745702562398","0.013764659197530798","0.017634360498169868","0.015613703958031692","0.050371773233360111","0.17425412014913189","0.011254431796538568","0.013295387279575577","0.012347632478964646","0.033025613632049741","0.03654935929888279","0.026275236433872889","0.022211283809892478","0.035432596018913978","0.16359060661019717","0.20062100387694243","0.037843793242267484","0.022276519261898338","0.021777963333203944","0.008454347906262592","0.010963777831298474","0.0096819081147997716","0.012569932095067691","0.021514654982090108","0.059762714242628294","0.15721277577588622","0.021240474396346045","0.027290020962122959","0.020461819869278381","0.081179742682412348","0.068956773334757124","0.021564886697539982","0.040294684628729677","0.047951153860550516","0.10838104793838807","0.26130267882386615","0.038565720825514418","0.029111619408457252","0.020386574396024738","0.035973198708235329","0.024047703274656339","0.025915520253719335","0.015088953016665909","0.046865572534015645","0.061270782543245118","0.17635601508680396","0.01636827384537674","0.011886120817784888","0.0062807549595916704","0.015924267832033451","0.0092578134247681774","0.018624681348099144","0.022579964324253323","0.033044863109095733","0.13114891571931186","0.19810833283790388","0.041208846268262281","0.02115564578780332","0.01947484068823789","0.0096759217973970118","0.0089832065953571461","0.012587812460034681","0.017263612397328796","0.018291023705826331","0.057685884730693568","0.16987064517503317","0.022545824244924833","0.011135735211783763","0.024762845198393075","0.073922360218763999","0.078426648330926052","0.045001176222085","0.033341346979339492","0.0084738080629589551","0.12808447804684153","0.2590283940938487","0.043535914534567122","0.034419840788603738","0.033487521005727605","0.032802600313029437","0.0082615319396125413","0.01364400882850517","0.011713154235499391","0.018380642396700144","0.047963004658373332","0.1653740243141732","0.01986165840786723","0.017560982525307252","0.0074306230093284477","0.019385154986727347","0.041466959066204005","0.024668662832739278","0.02045865018638568","0.039258465956104341","0.14129820040110025","0.19298816779077849","0.038422850078545338","0.014605398289894886","0.022555618449807233","0.0036893712282362223","0.01064772064726691","0.011019537259476263","0.0095406401489659502","0.023584181563591333","0.059560163250826359","0.14898635623252737","0.017102583034402496","0.022651165278319594","0.029651429829836567","0.052364151064429876","0.093419588246480514","0.031598061066918919","0.0498165802505788","0.04974210300175174","0.11805432921816707","0.25200652995142953","0.045415141376795559","0.018921123126565281","0.022264832851801395","0.044580235026247028","0.017142847412934724","0.026653465771942907","0.017299962738513464","0.049720725070724593","0.066896388112224689","0.16929150307455507","0.01129794970813818","0.011320632997367169","0.0071774085938758501","0.016549092923784342","0.010441643372195828","0.017771596763324141","0.020411692450349871","0.032056933775708799","0.14278028934754883","0.21823679372372826","0.041160120362284454","0.020437168483337962","0.018113205654911663","0.011649944852758021","0.0052744481856367978","0.0048535902102532927","0.026832727368482308","0.014000895383742032","0.068690270447330032","0.16241208129807541","0.018829302520479485","0.013472850523699969","0.026367500874496297","0.066954468080971052","0.063254998978404225","0.069246196500994284","0.030546013075077372","0.012923776116171527","0.10674364250292639","0.26875061931414818","0.042576576731809812","0.035551341658604331","0.033009598458114582","0.024687791635384562","0.019922514587290482","0.0082304610822930297","0.010040594193799527","0.018755047396978104","0.064590767299224902","0.15260295294134812","0.02123205170257465","0.009922722702419947","0.010549684605237695","0.016865095702927005","0.043306631367719263","0.024703408696899395","0.016823899645512622","0.031480976949837772","0.14639725795387823","0.19369914144336639","0.042404897553491396","0.016673659003964645","0.023152309570791011","0.0021597424788964877","0.012900773280314927","0.0065679751624563741","0.014749718978740859","0.021149531908872404","0.051020018536355287","0.15191678707693379","0.018744477854309646","0.023096649615154466","0.029616088055019519","0.060071677127810141","0.086804798197715166","0.037950431685574527","0.040301282790584307","0.050192402572764701","0.11682763323124346","0.23239858625612012","0.034413275388252194","0.022820937083623746","0.017109477611609258","0.017952986300814908","0.023046029512023541","0.024628299534129299","0.013224119007457343","0.030989159114421412","0.070038936517908615","0.2715823404785086","0.021401135002646274","0.019158026106550943","0.0099681768336042156","0.0063947494032149796","0.007304699909598319","0.016239261939067488","0.020015118054539389","0.02091866814172668","0.12039601096768905","0.22516383869430448","0.013970764537001617","0.020572674370923541","0.015022269200103048","0.0094895089791983273","0.017655561827801442","0.016010132782635789","0.015273811129103651","0.018787091793541006","0.076980314773472891","0.26173010233183541","0.036333530971527778","0.023960137959451417","0.0091952416856365751","0.034396828730437083","0.01772686893014562","0.0073134492249884667","0.021208320146412767","0.038289878768900533","0.1209196669798351","0.22500073069772714","0.04730333741360452","0.014622290766746612","0.012077893646263257","0.0093223066193825685","0.018488609026414395","0.0062952545436295278","0.024416710608784729","0.023746142473266934","0.061800950232502462","0.20559061632605088","0.034566032560587281","0.018242181810978909","0.0065974441995019315","0.019347017775028841","0.019309659772221197","0.025184096321450133","0.028084949788449311","0.055313724163602203","0.1446900446499095","0.17730079220855832","0.02606152663807149","0.016737081788326537","0.017329769388722455","0.021010247485005601","0.014450244373218832","0.028931243750035706","0.017566777508271143","0.031659490218520193","0.083501666779704498","0.19476205940876815","0.029590997903995369","0.038064831970199164","0.024086058717145687","0.023202628358005691","0.020466593469628553","0.029911319809525546","0.037590030244512976","0.031039259566483787","0.13673737248771478","0.0056601379076949105","0.0","0.00043149033377046404","0.58070138330724652","0.41124413046237152","0.0011591014848343838","0.00031304200685308177","0.00017767249037607344","0.00010998773213756927","3.3842379119252084e-05","5.9224163458691143e-05","3.3842379119252084e-05","1.6921189559626042e-05","1.6921189559626042e-05","0.0","8.4605947798130209e-06","8.4605947798130209e-06","8.4605947798130209e-06","8.4605947798130209e-06","8.4605947798130209e-06","0.0003638055755319599","0.00065992639282541567","0.0012775498117517661","0.038622615169846441","0.47484242142222599","0.35020093912602057","0.011396421168408138","0.0089851516561614275","0.0071322813993823769","0.0060154828884470581","0.0056939802868141631","0.0048733025931722998","0.00450949701764034","0.0036126739709801598","0.0031981048267693221","0.0027581538982190449","0.0025635602182833453","0.0035196074284022166","0.068344684631329589","0.0014298405177884006","1.0"
"0.23405940563857955","0.030951304959956408","0.035877468986217867","0.023666211676358347","0.015296782300439906","0.017521578647609993","0.011402971280095323","0.009044440777256935","0.031628206713501673","0.061052350181363381","0.20703510961022675","0.016319665420118458","0.027802389732233521","0.019657818444333199","0.021293063729213781","0.031511930328297952","0.033005174231897534","0.0221674214601927","0.037367433293997922","0.11333926618873068","0.19590220525694532","0.037580598277724621","0.034829216368134221","0.010774659169790188","0.010661029618224018","0.015034470103433244","0.032814607526749258","0.027627568099596201","0.028182080158340388","0.073665189596883132","0.1433344934322342","0.018800570110463925","0.018165186095569621","0.02707671223152449","0.067703462041116588","0.070795242373880421","0.063850226964065587","0.027699778343186116","0.029696786630518366","0.065805912460739385","0.29070747707122324","0.050169188239266041","0.02422095420231556","0.013999951724739099","0.0074407156982199928","0.017782858579929041","0.010192986104032133","0.0099447713251868391","0.018698823886044311","0.052266583771931593","0.18583462419728278","0.019811758928630314","0.010917561022069268","0.0099607769321115886","0.021900868143193041","0.063016687436206309","0.024945130551869994","0.017983132833651449","0.036995744253875675","0.11320939670923859","0.19251671838988185","0.0331088572841002","0.010243252890958796","0.0098115143958068737","0.010461038705367177","0.0051797236834738754","0.0049250273371649941","0.022706456216394322","0.03094590619304001","0.031814071079223349","0.15917878863119661","0.021970616118926315","0.020486815395786458","0.015854380287717185","0.074726503917627848","0.15053011459613308","0.026252826655576583","0.025862758768125008","0.056572353600357624","0.096852270775344029","0.223882149735535","0.040776755816648941","0.036444093114340277","0.013817220857179425","0.012339269845878919","0.009643139421039712","0.0074685828755920126","0.011586737288809355","0.023721304404741485","0.072016872409815219","0.19441882305027866","0.01865492858182935","0.017650540245629464","0.0256049453691982","0.020937945037225437","0.036388019650272621","0.030904585443178152","0.025063736880958486","0.048478128633933769","0.1302022157129383","0.18104112429526112","0.037878664721009488","0.020695706025837621","0.0068401895024442416","0.015666494667158679","0.011159209119211023","0.019608757751195548","0.031091804823280653","0.041885153922617595","0.064719006043109512","0.13457835864538442","0.024875170511360921","0.016643650538631","0.024130766174780823","0.05883986668167579","0.11063331823331964","0.051898196708868388","0.027102434110421837","0.024911835322140259","0.095800287933332562","0.26418013884787944","0.057213763582617219","0.028185789386092005","0.017826920671725453","0.016046011426527302","0.011943308751005442","0.011737340231468104","0.0071609110745008454","0.016983963841228383","0.060085312005531036","0.17267729218508626","0.015837381664750599","0.0042814234644880074","0.017781607795381099","0.021264018331035844","0.052171359075134184","0.031855839150825613","0.019885861065691058","0.048465618228986734","0.12441613060301179","0.18055729802398487","0.037800236478742415","0.0084091906747294411","0.016503407058799199","0.0034760178566990174","0.0033313423805587661","0.0059545027958886956","0.016275781209283028","0.022500560259239872","0.049937619234226814","0.14460748134635321","0.016047153034427594","0.018562687047199568","0.023787257160109224","0.078263756258431252","0.14381650051704609","0.039976912318156491","0.041602322975010674","0.039633498120529208","0.10895647109061543","0.24861643968439889","0.041399081843549998","0.030760313001454553","0.013798120497837633","0.012764471699808762","0.0076614737527977194","0.006194602916475919","0.010360120127410477","0.026720985729759662","0.091482368344804846","0.17338556778473752","0.018444023535309734","0.017414893094773794","0.02636941084280436","0.020608010843967916","0.036206767402073951","0.032145369993562468","0.027786980790153282","0.046941400336759198","0.11093959236495821","0.20258100936165338","0.026418676994947533","0.028896422603287758","0.0045968453581693609","0.015103750176247849","0.010800605731010092","0.013049729911648215","0.037378542537021664","0.037848533238500265","0.068356610594066114","0.13699141833451517","0.021765927412903778","0.014063601004560044","0.025076062123446641","0.07239002360758677","0.098641146464893623","0.053643039113920078","0.026025553851473333","0.035016060560308419","0.071356436885834276","0.28988856993253248","0.045361879758858373","0.030689659985532369","0.019266482514529948","0.011226947506070161","0.010541368483014355","0.012135521288552518","0.0088674549230697633","0.015044772477690376","0.057801184014896909","0.17372045059488567","0.014285257840006772","0.0068078164790286236","0.016375523980866044","0.01889631559237686","0.05406516848553608","0.030900556664778062","0.020961382997033807","0.025953566347928909","0.13721011142249065","0.18055633672241606","0.022914472687841362","0.0094679528879361586","0.016927561489114909","0.0014944764789413994","0.0043041692619019247","0.0048458338685490737","0.019138261865382231","0.019148793195825634","0.048116086474218431","0.14664116052794104","0.015205398767956815","0.01560975832793424","0.026722336552666513","0.072679360250673827","0.16901698147734084","0.024130952707436228","0.035935403236809618","0.046350993650027275","0.12079370556292211","0.23510126904976955","0.023985606670261068","0.015113499997671741","0.017074189881769751","0.020583888962373943","0.014994698675100313","0.017588351081390407","0.018065517231971015","0.024667615693409944","0.080909840004301473","0.27956879994706973","0.0095184430345215971","0.0087019304694699161","0.021322533447528238","0.014034683741728733","0.017049893845694011","0.021114845850638747","0.017063376748347469","0.012675137274875204","0.13086587112633941","0.20441833822093763","0.038091434155101543","0.026234962120445769","0.0099560821309055917","0.028585481755747683","0.019383274727146096","0.011363887644209227","0.020843680593372767","0.0294808381368626","0.097428192850324322","0.20603266065409831","0.03317259082419053","0.030023626066121162","0.01566780184499526","0.015643338928185483","0.029969089051656409","0.020357567377650956","0.036317117120341351","0.033283467489641561","0.093746561285770899","0.24205383961768473","0.028056437719347418","0.0197162674512921","0.017220763034672411","0.0075225512900673952","0.015174012128795111","0.0090422372921488536","0.0099395481303502734","0.01855743545431884","0.063901278840749934","0.22717542319714937","0.019553341379185425","0.007005644259317453","0.022573469737452886","0.013010030934850062","0.056707486523263302","0.028481186133013051","0.0093475642438918313","0.028472231333228716","0.15648924442225184","0.1715499470897574","0.034723683640045577","0.021944875328815668","0.014989112286463864","0.020029594526623985","0.015416160058061247","0.0033387345949054564","0.029260746131516989","0.015026716023504189","0.071219664400091337","0.21626270207961201","0.037275742110576153","0.027136968793049807","0.035014948114170094","0.016648210601947346","0.044342297050308267","0.022441624116467468","0.043378816430206545","0.035658549340315128","0.1243408992273194","0.0086825253360512302","0.0","0.00019230399415395857","0.12877636968519837","0.85859887309859428","0.0024422607257552739","0.00055768158304647989","0.00033653198976942749","0.00014422799561546892","4.8075998538489642e-05","5.7691198246187574e-05","5.7691198246187574e-05","9.6151997076979295e-06","9.6151997076979295e-06","1.9230399415395859e-05","1.9230399415395859e-05","1.9230399415395859e-05","9.6151997076979295e-06","9.6151997076979295e-06","9.6151997076979295e-06","0.00041345358743101094","0.00093267437164669907","0.0014711255552777832","0.042701101901886501","0.50272110151727856","0.30856137381973425","0.01096132766677564","0.0090959789234822414","0.0070575565854502798","0.0064806446029884038","0.0049133670506336415","0.0046633718582334959","0.0037787734851252859","0.0034230110959404627","0.0033076286994480875","0.0027980231149400971","0.0031922463029557123","0.071210169035210866","0.012230534028191766","8.653679736928136e-05","1.0"
"0.25038679848197776","0.040801441161628448","0.021231773672089515","0.035047664037228927","0.07180632539380899","0.037584552601977385","0.016639319730977431","0.053152831287825809","0.02708236253659305","0.037924411319236073","0.2010204852051887","0.012465870080534227","0.018800695781452881","0.0092383230564969023","0.0052838950721926401","0.015984986661502561","0.019624822048212039","0.01417560304453842","0.020316116268367667","0.091431716657869533","0.22839115262638301","0.017117993908918699","0.030586641679044856","0.031720065075458097","0.011490138773860913","0.014043821688904798","0.019838758497896909","0.017029588952881324","0.014549691092365761","0.075295983756413262","0.20197253866899662","0.01245228764202385","0.013719802804130555","0.010987313525455634","0.028824765529423296","0.029580258707928003","0.03147122376252149","0.0363143908030613","0.019077672806652499","0.15553590383891941","0.23864849524873671","0.060064391534663711","0.033066076571014236","0.024776596419524052","0.070331866358465486","0.046191136210776973","0.0079915310999361232","0.0071040510623381703","0.033336565907203304","0.077249964083533684","0.15335763265319702","0.018619513156166931","0.012285432691696168","0.010870941058401206","0.018034862316944181","0.0099795705297626072","0.025267000200317191","0.014569494576848733","0.030013456958382409","0.1082414157929021","0.24171520317435086","0.036177103033188815","0.018200860560174132","0.0083154189384574938","0.025496161191542507","0.016153197772858958","0.0051899721709223797","0.012758762617640203","0.017871629609397741","0.06090175420982006","0.18707075663985426","0.023569989650738317","0.011985660153712316","0.010086074430989529","0.043297766402969069","0.039207458619423291","0.01103362101293669","0.016528276671003869","0.064851358874312703","0.14958896879909606","0.2512520591014949","0.035763202958123033","0.030307793704652967","0.025231134984372558","0.10987405455973903","0.019907509054815808","0.016100543847132477","0.040445761938364966","0.035328555842887285","0.04327946821469273","0.18970802176173754","0.020376369166984269","0.0071960428883302667","0.0080493197347162038","0.0035588767089456299","0.016025054818291029","0.020032230311424704","0.011098415193142313","0.022630333713694415","0.093835246225060273","0.22310937374476275","0.019687890958471253","0.032092981245928923","0.026947040580582331","0.011000487012627796","0.0094901813534841641","0.023874502919196829","0.010832017519073953","0.021482515624830355","0.076707280470122582","0.19497522574383291","0.014303101471155745","0.010863013067687105","0.0081535535483825226","0.028695430282665614","0.022273405726604953","0.037502292338447082","0.024722216945319484","0.022952447129370401","0.18033503738460666","0.25176089293365267","0.057123122287237302","0.028876503936898706","0.020784651024748475","0.071773850109030271","0.059448439799330087","0.0069290499031057209","0.0070780966463540552","0.028401389293746977","0.077316586491145853","0.15230961433633675","0.010419700185824159","0.0046574552688297063","0.0080104088753864527","0.019967717074738087","0.01125608834563218","0.024384521235826503","0.016308538936485286","0.019989649096484097","0.12320371937459808","0.25459358917845087","0.026276810005256758","0.013567739814122445","0.01056015848993541","0.015989825778451483","0.019462222976995312","0.0080711901071711251","0.0086374727532595157","0.013284745801094015","0.07660943186006515","0.17732249028981481","0.018642281661952642","0.0095202452318490245","0.0061402903456597505","0.016369916824986838","0.066513631252599514","0.012537404919428769","0.014534838786908207","0.052235555199899912","0.17913015397985044","0.25702697756496667","0.032380759985810768","0.030077226820696589","0.022111319939803656","0.088124510628342242","0.042850904250561768","0.025225446293477179","0.036972380213715163","0.034597724595424838","0.049291263139378053","0.18080113218098437","0.018756375154848362","0.008239650048883343","0.0080851823678410751","0.004894884093181188","0.0085907055243555804","0.019785292912622883","0.013566532329733533","0.020996021947234704","0.09762570491558506","0.26533720471718225","0.011560946019974786","0.031514593154471367","0.028782120236326939","0.0096512935964915749","0.0054843968444820129","0.027203567114933887","0.010492970933016595","0.020941865862137539","0.079715652250234262","0.19450867544640385","0.0090499162694269719","0.01623527140270755","0.0095345645354686214","0.021816158373794848","0.022469527785982709","0.035771419810887481","0.02404337544141814","0.016295626919695227","0.15959084851523808","0.27360766110347307","0.059098471557073824","0.028357664449026012","0.023158977151036212","0.078113603246168659","0.052926656628636291","0.0052038824053508535","0.011813566430582349","0.034959079112026552","0.082945185445558192","0.1335075721270759","0.0084575033429701348","0.0064032014413153478","0.007719591808626654","0.011861495780037076","0.019424358095660166","0.022793301471416425","0.015866143581898338","0.01366118995625757","0.1101208901754593","0.24100741728511765","0.025059068242637209","0.017425183425882253","0.0087225735674383888","0.018180108868581932","0.020023101074315954","0.0046469639806712105","0.0097009337300187504","0.014601661841491554","0.068040188779740024","0.18229657697859589","0.018237233379931647","0.0084365885640070304","0.0061597290102536886","0.015214988107663108","0.066403051719101977","0.014987601990404116","0.015006492930071226","0.047106481395101367","0.19874405046031865","0.2546353190192448","0.04512160903874389","0.020667840473287853","0.0082725718198091366","0.015184624835972675","0.01363546073925603","0.016473337678266642","0.022927496284465717","0.028225180544185935","0.096553688406979379","0.257010605777032","0.0072463800893998332","0.019473752373806941","0.0082357852351860363","0.0063621094278034319","0.010184993411299708","0.017223277854990525","0.013538090572030686","0.022606647906132236","0.11642122161867849","0.20875016700043081","0.026588354583186712","0.02717868882533931","0.011328645760943961","0.01610095947366063","0.0092946699368893979","0.018196781556046374","0.018473351748447022","0.027797665663798089","0.091247178107867713","0.24223408392673129","0.021044091997530406","0.021161705452202893","0.02067261106391886","0.012738532861661187","0.010726585086058862","0.01783514695722168","0.019093621301678965","0.028718486683854051","0.15081866418086684","0.17827134048578983","0.040314728862201187","0.039085207452295566","0.021537257809446278","0.024203791129446837","0.021775117298782939","0.0204053033918296","0.024285382159578914","0.018463711998439419","0.079287504392693053","0.25003833135691517","0.014027752674191256","0.018633420516430115","0.016823530016120154","0.018418574292913336","0.017461475796064309","0.010676030633672833","0.023534690619744527","0.028459650917014377","0.13429719081092936","0.2015805129675772","0.033943501117839246","0.018345143661759399","0.027793985498883234","0.018600890580856781","0.020990216164776858","0.014098710549313925","0.020981898319689447","0.019960331962342259","0.079527663296685466","0.2209940505326165","0.015387880442392362","0.025402473184329619","0.02080123660160477","0.024019136435139379","0.020205364236552059","0.016919132702234232","0.030258092353957905","0.03707544020143104","0.13311433216125837","0.0039829059829059833","1.7094017094017095e-05","0.085230769230769235","0.90785470085470088","0.002","0.00037606837606837606","0.00018803418803418803","0.00016239316239316238","4.2735042735042735e-05","1.7094017094017095e-05","3.4188034188034191e-05","2.564102564102564e-05","8.5470085470085477e-06","0.0","1.7094017094017095e-05","1.7094017094017095e-05","0.0","8.5470085470085477e-06","0.0","1.7094017094017095e-05","0.00057264957264957267","0.00082905982905982908","0.0016923076923076924","0.3124188034188034","0.53632478632478631","0.021854700854700853","0.0089401709401709401","0.0076923076923076927","0.0069829059829059825","0.0060256410256410257","0.0052905982905982907","0.0048547008547008543","0.0039914529914529913","0.0032393162393162395","0.0029316239316239316","0.0024444444444444444","0.002871794871794872","0.0077350427350427351","0.062905982905982913","0.00040170940170940173","1.0"
"0.23525281967500894","0.028371323246790509","0.032478913803095151","0.026573389929870097","0.080645151417058136","0.053981514159126734","0.024207461823399043","0.026219222206700206","0.024865200288893705","0.047563466314278095","0.20615103371695567","0.017163801163926642","0.0082181172261691568","0.010774305491320239","0.01719419746062489","0.016736748739446861","0.014841457908269472","0.011255033637353277","0.030528922117736383","0.086977912684345876","0.22806554479560412","0.04053680254379928","0.024103458170918825","0.016144814189645543","0.028701602773322638","0.03709379642118682","0.016380986018866228","0.023384393789600031","0.011779923525746342","0.07107954924235213","0.19236179331981781","0.017916063038305442","0.01364574623829507","0.016069851363287875","0.027716209779265928","0.021264013703415744","0.028886459176746201","0.030255053795717586","0.034297477140383517","0.12031645477637525","0.2165956075155126","0.032981000588448731","0.02860505870138097","0.031443667720904039","0.047758470923336405","0.073619438637908582","0.016473612312432596","0.016588893631963062","0.026429902325800999","0.051334447302918994","0.16415132709515681","0.020434070225660086","0.013762986883419438","0.021338885087510202","0.017397223145234945","0.023417228758237325","0.023497461768275468","0.020786549240393633","0.043511946002311098","0.10987221581498244","0.2635745553811239","0.04597523946252214","0.018309422239207482","0.016882010853281872","0.025905097356746492","0.024253984675741466","0.014125653861573627","0.018526948449426428","0.028094736791450269","0.026679156228921849","0.18628022603677194","0.02158443271243228","0.017324237101510532","0.021737958334257224","0.028329693633999023","0.024032058289526748","0.032710483744137681","0.021122422222819782","0.053411452430258508","0.11114022285994936","0.20436626860693044","0.045454499964282781","0.022970895842657678","0.02584015588079501","0.09785530368005077","0.056892782353433827","0.023900719023796493","0.025616954825916118","0.023798668021338967","0.058750407946081003","0.18475313143130861","0.024793482657029842","0.0048776941089368397","0.0065589221065231384","0.015683858503289929","0.01290252223721801","0.0095354799921547537","0.011375194217623003","0.026776056323665968","0.11729699585510238","0.21157190412621887","0.030040010877813435","0.021632039119372472","0.021850700581036605","0.022479537214188824","0.038975880367834524","0.035538569580564866","0.0094959208006473571","0.01919211252195871","0.06635746845453272","0.18128909469947369","0.01698614164188492","0.011450723205512438","0.014642011722988594","0.01517499293780533","0.02680774387032182","0.019013041697659855","0.045409722330091891","0.046323678057695224","0.14576870061243949","0.20987480390350283","0.059100932109405056","0.022162084961160775","0.035314032316054754","0.050341692863291654","0.087577227042021311","0.014995664356925974","0.011734642602753897","0.027107651908615474","0.057090973313221195","0.14338306928062639","0.021984309877790702","0.012515955101464393","0.017222590590403063","0.0088636216722365116","0.023596224490156577","0.019441067890899864","0.033549494143458904","0.037321659819601644","0.10682229611097395","0.24070008218244104","0.037583258220551655","0.020312348683933952","0.013471045649186397","0.024919492644056143","0.021443015191228727","0.015899430846390658","0.019557840547592738","0.035432976768917296","0.02339668118647131","0.17182501805942182","0.01551020090498503","0.025554741763855873","0.019315980259425217","0.01045116458798352","0.035512602480990051","0.030647721980230712","0.037389247343526742","0.05270190691174706","0.14837523720090809","0.22201287588335597","0.045071899499093085","0.02448704833259327","0.02186301093887684","0.10381285827280518","0.049390880718189943","0.031804082270547651","0.023587559382996441","0.027183490416028147","0.063056224788678644","0.17359839176561787","0.023918030760515737","0.0085236405086236994","0.0079776872915463762","0.0079796357886507147","0.0096091404096717483","0.0073721962566479166","0.018741940665034061","0.034147496379957773","0.095861903525713874","0.24890303056697691","0.024173642723542475","0.022155015812408006","0.019270187682678783","0.037897604396085978","0.0270988890002812","0.02969928219465608","0.013512043143596702","0.020942559412217579","0.066622788907702318","0.17971215403696508","0.010053050847022399","0.016353699388244741","0.017211324512063697","0.011286741149374937","0.02020335871594011","0.034333700155164258","0.036659032467151818","0.039228841175756132","0.12468304832885635","0.22836244838222128","0.046534786892930079","0.015058126062232283","0.043437299260774304","0.052597221507232457","0.085527067554332772","0.022481173590665919","0.0054443172415363566","0.030576628133976269","0.055801449580108756","0.14119943829451329","0.015480639982611502","0.015637008777065468","0.01650185937021156","0.01717522810704615","0.0129431186070011","0.015562536101489879","0.037899527247121603","0.040752910592479846","0.10102720939120645","0.24157124049675516","0.050583022030428838","0.016207417833080776","0.013442693867719938","0.026938924538428468","0.021262437400011033","0.01716420466879676","0.018013352074603896","0.031691854137480262","0.027854374078046088","0.16438011660648791","0.02207226218584012","0.024659264926483571","0.010250101989671575","0.017915305932263682","0.034847885002126128","0.025420325977111229","0.034344323135671519","0.053769442355404394","0.14761144429864767","0.26688706208867663","0.019233196721828175","0.02300249408572734","0.020930531043770358","0.014098489945937083","0.020079497026373641","0.024555976068946613","0.022418950449418298","0.024067653021996642","0.062523327612040117","0.28086596012017556","0.016163913343160963","0.010779389103285806","0.0068887470087102345","0.01903349707785151","0.017628529936222697","0.0096488418913229772","0.010848165106400872","0.020629163388467302","0.10971660728798223","0.23185244354735982","0.030339635336923736","0.015044737243701957","0.01042027298929803","0.011782926177395091","0.014723090185274736","0.018716694887337022","0.0080512186306796081","0.01570499343220769","0.11031468574083722","0.25886234976001182","0.018493729605618032","0.011114387910456625","0.025253205098301649","0.013339416194710923","0.016183213962882616","0.014825374998605343","0.014592712588064563","0.016762418725136105","0.14362248629461055","0.17606340253738348","0.046180391126554081","0.019083756796521596","0.020395853672078159","0.011186159160900851","0.016004025091130285","0.020976773575575612","0.025886526961480728","0.04322425515305469","0.082552315004858337","0.21260222682687599","0.030814644529450701","0.021084275839586792","0.020242439785442538","0.017175956442293566","0.017127033934383348","0.028333469580605394","0.010388518559792012","0.033569741159025612","0.14710822659017714","0.23851310625266409","0.025630401634886606","0.028229340194414736","0.02918961150422562","0.0293379878390112","0.0095611361153752489","0.012154393113245151","0.026514050265011309","0.026041764796640512","0.044995003285594561","0.23327597944050299","0.029831886421611914","0.020934105943234749","0.018313440229185973","0.02449282246435952","0.022056564858693211","0.016844836802586877","0.024269301015393728","0.047253923280903609","0.092560335892564766","0.0048044639901640897","0.0","0.0","0.0","6.6203243958953993e-05","0.0034803991109850097","0.98229536104411974","0.0068945949780110658","0.0011822007849813213","0.00051071073911193078","0.00022698255071641366","0.00017023691303731027","0.00010403366907835626","8.5118456518655134e-05","7.5660850238804564e-05","2.8372818839551708e-05","9.4576062798505705e-06","4.7288031399252852e-05","9.4576062798505705e-06","9.4576062798505705e-06","0.00032155861351491937","0.00034993143235447107","0.00062420201447013757","0.00080389653378729845","0.0013240648791790798","0.002354943963682792","0.36065635787582162","0.48106114342459921","0.022660424646521966","0.011037026528585615","0.008237575069749847","0.0069513406156901684","0.0059488343500260082","0.0051922258476379633","0.004388329313850664","0.0033290774105074004","0.0030358916158320327","0.0033196198042275502","0.075443325294367994","0.0029602307655932285","1.0"
"0.18169354573740176","0.024500820350547015","0.027851457778636072","0.023121377778738701","0.028696724137893703","0.030344096746798353","0.018896386049578315","0.02288008962206128","0.022070573503416305","0.082004073668265259","0.24228177256399583","0.028953428918361935","0.024156900022165209","0.01804480703785747","0.003471086567623427","0.027716810291403295","0.017430206316265576","0.017497658799955376","0.038977517254263426","0.11941065480630031","0.2013446024825353","0.029995000227270686","0.048426088245689912","0.052376074502346492","0.025551278968162547","0.016583378488586712","0.013882367210789975","0.01483508193271464","0.012742165685447143","0.059329046684739317","0.14339681000615451","0.027242433273945047","0.025209313542915543","0.040106960794829755","0.0083071276447394989","0.079818812743060616","0.015494282791289218","0.029833775553142174","0.028885380861018176","0.12664001448267623","0.26441128387528473","0.015903663241458151","0.012074440895770783","0.026146494440012259","0.0078704968280395027","0.010407383703179944","0.011156062003404275","0.01794735584742975","0.026511421488925317","0.063358622522257199","0.24104887350075552","0.035759850098849744","0.017097325925704315","0.030555803952383848","0.0066628893968811304","0.0197484728983299","0.027240776579883934","0.030669510983924179","0.040670280604480365","0.094758975637605145","0.23406703072593429","0.041493912235939547","0.01792970732610254","0.028001231726163558","0.052926385963623292","0.023049393574721549","0.0089690701346792478","0.0092792516532277068","0.0039561341015667013","0.035220584521701799","0.096361439284816053","0.016194785903993005","0.016584921936935674","0.015052644667428795","0.044711369477233399","0.064973354825318727","0.029075841254773502","0.055757161904400242","0.037474194136844517","0.16892158263206042","0.21874692333721898","0.018898065499420465","0.0311445677930095","0.020569152681578908","0.017528270887815611","0.025062857917020918","0.017919556373000124","0.019068140782611463","0.027074126357868798","0.089510339481117557","0.25727342996840452","0.023351537723660967","0.018406848930457496","0.0065248699645847948","0.013241077308336366","0.013309502738532531","0.010362959122825303","0.019346349668742994","0.033212768929534411","0.11944864127653726","0.21953577198569854","0.031408513657346544","0.057018209832810307","0.032949751019792604","0.039735366246109419","0.0082459897193570119","0.009555016511015358","0.006658069218423387","0.012562685707458769","0.069771359572027694","0.12986984014902228","0.020286687549612117","0.045141909779496024","0.021539028909446204","0.02155091857762334","0.076141273458057351","0.01474959566157596","0.03314319071398595","0.018493905022531398","0.13164291378055862","0.2215788085060047","0.023972542161029023","0.016217841581225387","0.01057374141955854","0.0099974776329984135","0.0090714327997734219","0.01168887234497268","0.016401915320493482","0.019690708753897394","0.077559821532512285","0.26071204050006425","0.037866470859476704","0.02195308659838114","0.018864604349231155","0.0084190185322169462","0.01948957524410341","0.020741910837432747","0.02840887869007417","0.027781841528061013","0.13900939372119675","0.26343492724317796","0.041916762461549038","0.017059419939306635","0.030777849178041175","0.054064906698507276","0.015424191633377715","0.0093194504140981134","0.0067542363133686195","0.0061367028295591427","0.033906497017655808","0.088748878941851114","0.010349577441952295","0.0186764532230374","0.013138165129540731","0.03117617820002486","0.085439602650292074","0.034368446564770214","0.05349639625279632","0.033531711646089229","0.15227964478822589","0.22329757691901067","0.023060931481949553","0.02938067200898235","0.016317934674857634","0.022244265402098395","0.026954239188486859","0.015438493064121732","0.019806699637026585","0.031253291552027974","0.091932290230391428","0.24246287313264411","0.031751578906151837","0.018249771294246757","0.0091294118853793363","0.011341243814923321","0.014858739522469985","0.014224468260857758","0.017669195632150202","0.036939772071353752","0.10368653822413128","0.23932188318597652","0.033308619229940162","0.051453656844174023","0.034841951307895427","0.033074381441001936","0.011661037528946015","0.012133146444725445","0.0081629344236334323","0.0083268966436969433","0.057511347398275792","0.14486620298364003","0.025568572609252212","0.03370891135313725","0.02659859251597978","0.030533034039743934","0.067772023423544159","0.014330156960442627","0.03281390405392922","0.017613943915798499","0.11639880089536227","0.21743350945533629","0.023513044183651279","0.0081442913803979663","0.02520580159564547","0.0039925971761776494","0.0093996998038978138","0.012461907612916132","0.018961145339107359","0.017811408811969652","0.077187332300005712","0.25639732970179185","0.044241446303532543","0.024738939234289718","0.015131379163254157","0.0075009091181098813","0.020917082453544924","0.021601760884524018","0.025295224615319387","0.036932710660427304","0.13313246299886383","0.25930024906474536","0.033839175861501855","0.020554292445750005","0.034017730997674654","0.051725270853782965","0.019479581168237503","0.0064669560101612202","0.005137280380113146","0.0051425883909443915","0.037857458475140854","0.084775604470976582","0.0091580349554749984","0.017723809304839609","0.015881160589908259","0.041760046794383068","0.078700280211731033","0.032511555040423169","0.043532253198768051","0.034157913976680283","0.16827875644968426","0.17893577251759332","0.031825416088850776","0.02109955754369262","0.018039139790852577","0.0078617930862301781","0.010478115276033182","0.022458286729523647","0.020459327677311089","0.038428068558516007","0.08877443056289451","0.23347590450549782","0.030900312294790608","0.032243553311014105","0.023152108553229894","0.010251081110827448","0.011430408877018671","0.023479691771003574","0.024734900728961697","0.036354298997489973","0.13561782385306947","0.19178609558772974","0.025897431403210758","0.035704856566981823","0.028727077601150494","0.014279754674727181","0.012727145016770637","0.022304500912353881","0.015796971709093489","0.025395293072261158","0.08617678137610188","0.20785985322883493","0.015350758321447711","0.028528742522997627","0.020427360210027359","0.016412020583616509","0.020900473191088131","0.034202106671501711","0.033122535582022994","0.042029057599860746","0.12237117722416957","0.24102178259677204","0.030074358795923579","0.019496613738803265","0.01972412020814758","0.0085300610573950976","0.0097284701597214647","0.007762035862226041","0.017675709955611844","0.021292247440496549","0.072356364647845242","0.21726268562381237","0.03110871320378646","0.019816651848823051","0.022540888352670593","0.009220977679023001","0.020465708178102525","0.023883549926645584","0.035517562751570676","0.047964375542237946","0.12455711213371323","0.18378358215373392","0.041201038115188472","0.03263600710430932","0.029147190414577057","0.015745580371367741","0.039562059280443228","0.023411557672537976","0.014937856791652434","0.017803735187848044","0.064028737942195171","0.12753751805684052","0.039020338077391761","0.017117068595618113","0.03734741606334635","0.032943946806422042","0.036767450521680851","0.032063593122769983","0.038786358281560691","0.066604286040427146","0.10955467351857189","0.8772106322143387","0.12220692576511702","0.00042359419675950437","5.2949274594938046e-05","3.5299516396625366e-05","3.5299516396625366e-05","1.7649758198312683e-05","0.0","0.0","0.0","0.0","0.0","0.0","0.0","0.0","0.0","0.0","0.0","0.0","1.7649758198312683e-05","0.00088248790991563421","0.0039005965618271032","0.58134773553602315","0.23830703519361784","0.012019485333050937","0.008701330791768153","0.0075364467506795155","0.0069010554555402588","0.0055243743160718695","0.0051184298775106777","0.0053831762504853685","0.0047477849553461118","0.0039888453528186662","0.0031063574429030321","0.0027710120371350912","0.003282855024886159","0.012531328320802004","0.092325885135373639","0.0015708284796498288","5.2949274594938046e-05","1.0"
"0.26649446091776219","0.036563081388053947","0.0096997464922969692","0.022960015062209925","0.024785276606804178","0.022150729401987295","0.023583494469024649","0.011761201013356986","0.0081941799282744254","0.092547334060368983","0.21777800519098212","0.016120717917654827","0.011792146483828179","0.008160231227309819","0.014765380114806595","0.030360552502215706","0.010833229893978608","0.023658376127915291","0.032493636311760443","0.11529819877209722","0.19461222383891286","0.0204285790453957","0.014140152604173751","0.019462680104305213","0.0079634902402919358","0.0097243677167070889","0.0096881717250620406","0.018764305519384003","0.022434381250519161","0.078973851413848814","0.22674249847445752","0.024257127093339402","0.059155373424508204","0.035896791016015908","0.042556994041648845","0.060689307893543411","0.023620643612946583","0.020188007633748839","0.026580657363782838","0.084120389973820028","0.29030669681814314","0.034727752508084658","0.027102713218303071","0.023260888761514966","0.015068985550201289","0.01817502377280291","0.0050812122089873169","0.0092161948638423159","0.015842072576280765","0.05422207163591463","0.15524118261293188","0.024807604423487485","0.015101665087368236","0.028129729457603767","0.020285001237604704","0.028638693843016649","0.035751163527862999","0.033334517077440853","0.042702630393168566","0.12300419441120658","0.20625706215993983","0.038419403926753269","0.019945302012194122","0.017256560570496595","0.027452322616834085","0.0091161295605805184","0.0080599626414408921","0.010042832092132355","0.010095460436891766","0.054092490166772214","0.093294667538293102","0.02155872162938471","0.006782441086747761","0.025450542946117902","0.06798876996905473","0.11446975323710325","0.035502732031862862","0.042246285915070868","0.039536015393394734","0.1524325403977986","0.28201104471189375","0.030147417884976255","0.021273906188366339","0.020346911062538466","0.014835307984438783","0.022416674915989868","0.016568309155984152","0.020933522932314375","0.014301867198247281","0.090362204761587475","0.19701973350006161","0.010069452493544549","0.015581958497295652","0.0045441685146631215","0.016703213739829369","0.032251163680465975","0.011507322164365246","0.02401750295235824","0.032861310760780457","0.12224700143035579","0.21809312995800406","0.013617636834478163","0.01984369399121956","0.011902465463193738","0.0098896762084089967","0.013260377498211377","0.0090020598363014376","0.017207597199877068","0.034171284731572986","0.082143998106152","0.1954117114178068","0.026821283544817734","0.041295102423170894","0.046996659044839059","0.044710306724083292","0.073463468155392841","0.014920374130963506","0.034807815490154922","0.024762287085160043","0.067679065761629548","0.29465645845701616","0.032341814610901298","0.028136968388581898","0.018732874020451575","0.031372447756956419","0.0073838582227927852","0.011440703187585987","0.0082213346093681812","0.017385696250566456","0.046808411173253878","0.15578856847553738","0.012745342704824402","0.022683822445728176","0.022138726278224084","0.027113111001707959","0.032626495441507128","0.032456543640775812","0.029575566997193888","0.042198519140171739","0.12619273114114821","0.21135130264876636","0.047474709598506235","0.022267563497187833","0.011627661376149402","0.023814057682302485","0.0051052089295410708","0.0090560289523404988","0.0048456723849744201","0.014399599102189927","0.056774828999755077","0.07559441841632307","0.015635304984059073","0.010727912018666746","0.0071441079294644588","0.091328027890623012","0.11674919186260704","0.039570706066447053","0.051443824380710129","0.038581945607341621","0.14650792490473008","0.26562877224311121","0.031027594744365842","0.027393032985775494","0.011663035942180001","0.022911504738160827","0.017177561042839361","0.012806663580647307","0.027163507997059889","0.011186243692983804","0.079168308248937141","0.2061062961583012","0.009537189022168718","0.014764233044677087","0.013245577157756651","0.026868227629353262","0.016934063857982056","0.011769955634952659","0.020190287553074771","0.032565451039506747","0.14189248842280153","0.21454822737846915","0.0092496624301310146","0.021648517707755027","0.013807916955684526","0.0087223392626459475","0.012742782013358102","0.0075118286886804529","0.016252818290716346","0.028657432397371712","0.080309747044334551","0.19318709644146409","0.027973515232247764","0.04131723180459651","0.045502986036611411","0.04639983424541054","0.067657828816297325","0.024399175600080678","0.037087115956904587","0.01992181987975028","0.083102117362485309","0.29476400820906995","0.033962654329248866","0.031466427848052855","0.013756406465994188","0.031690883871667304","0.016363660901572673","0.0085494741151908304","0.0081230718929505615","0.012013210872786171","0.062050053932841458","0.14403781663532572","0.017771045228395194","0.019283498390827197","0.021880183881555958","0.028870613067942738","0.030034858144365628","0.029079853269115052","0.02651459569735904","0.045460698869505121","0.12432697841306962","0.20483557845251066","0.04345292402538637","0.018976936978978218","0.014117394686113413","0.023927517260733399","0.005813918023353958","0.0060154295132959961","0.0070667970044438087","0.0094922049100432809","0.0552254119527106","0.07644596670588874","0.020268071053497833","0.0079680127944838225","0.013696611117744518","0.08327423239167947","0.11445823771834975","0.049594913385129002","0.048380284052775939","0.033695111338524784","0.16329444402678273","0.25479806572096925","0.032975418992401237","0.012862102299870629","0.015335079249617111","0.0074573084728522263","0.014362870159009276","0.0082443629360761574","0.012615490214831082","0.019971878436457726","0.15932799960583263","0.23019329936975574","0.017125013834078568","0.01439707631385524","0.0058829460072068063","0.012777329222266294","0.012298893544200534","0.0091782104919918457","0.011226700133715649","0.02543704954428791","0.12353289851985647","0.20102881027631975","0.012099193109100044","0.014861701854226807","0.0068913906799175952","0.0023188069269613832","0.0049916682624135495","0.00090557269625308665","0.020157223945449804","0.014346774058789931","0.087825869525660183","0.28931750455131683","0.029237691325215916","0.049563598574643083","0.04778036452329433","0.036749910833385982","0.036266709864103283","0.016001672746606393","0.014554755363344628","0.022126381770664467","0.092974394759319734","0.25410423827557138","0.036665907184604302","0.026200027541481593","0.012084180053534451","0.0050449287688110701","0.0072301391574523801","0.005558677263482855","0.011999616099093099","0.022071965412100179","0.055893466660385728","0.20716738085077327","0.021086790824791004","0.015326792281951097","0.018477269226109694","0.010683497353855315","0.024267630133155468","0.032094935577355523","0.022283859920382156","0.061167909924814121","0.15059078239712753","0.17584991041650236","0.036276843276882902","0.021856990385954494","0.020315623212225742","0.027148713753194279","0.014628799693389916","0.018838637416612656","0.030203836790920171","0.015708030499074464","0.082461493656989793","0.15953076413111406","0.029842189088924036","0.027015684425233069","0.035186682168534947","0.030607107105280026","0.033099615019649371","0.02637907822663289","0.039211013218129261","0.03750468184824738","0.13833429702674963","0.021840033153750518","0.0","0.0","1.0360547036883547e-05","0.00017612929962702032","0.086811023622047248","0.88396187318690422","0.0047865727310401991","0.0010671363447990053","0.00054910899295482804","0.00024865312888520513","0.00016576875259013675","8.2884376295068376e-05","2.0721094073767094e-05","9.3244923331951929e-05","7.2523829258184835e-05","1.0360547036883547e-05","7.2523829258184835e-05","2.0721094073767094e-05","1.0360547036883547e-05","0.0003315375051802735","0.00054910899295482804","0.00087028595109821803","0.0011396601740571901","0.0016991297140489018","0.17828429341069207","0.49924368006630748","0.16142768338168256","0.010443431413178616","0.0082262743472855358","0.007014090343970162","0.0060401989225031079","0.0050352258599254043","0.0043099875673435553","0.0041649399088271857","0.0027766266058847906","0.0027455449647741403","0.0035225859925404062","0.098000414421881482","0.0041753004558640694","1.0"
"0.23307667699029261","0.046055972659116179","0.024222730962571923","0.022266691591587302","0.046201091852288864","0.044316264707598516","0.015579449738539679","0.011540739991224201","0.017734218596866632","0.064411315879361816","0.19123789049734202","0.025373938965549618","0.019351880526410587","0.010599028446765834","0.025028004913377054","0.01675116153425486","0.018044330695020028","0.022356437790135429","0.035621597004441792","0.11023056996755287","0.22139990009716679","0.056783468294967117","0.028993118660071666","0.029108303681423402","0.022614276192287026","0.023156320937725225","0.02406579924917418","0.026030583754800465","0.023215297862986831","0.05343757365651633","0.16959556417083788","0.0052567906443443148","0.021631741394446336","0.021670252309389015","0.024423438243973847","0.019629063668996753","0.018857717968561692","0.037564584422060503","0.041186230256530648","0.13137996796887097","0.23376801076258805","0.037891992812228686","0.057498818660113533","0.029917359326976704","0.058642158154594046","0.043036607523365016","0.015578499379235066","0.021702391346630968","0.034209013738244483","0.054210447653687564","0.16926042808482022","0.0097509607259989046","0.012709668953742249","0.022863406441374936","0.013621078905227875","0.01675445764811595","0.018162590468312204","0.008778652206397659","0.011490474883240032","0.13015297466221099","0.21770162960404446","0.036833726750398178","0.023419992821721605","0.012036630116046143","0.018734475759968477","0.019479845509886264","0.027632545069167222","0.030840744279012965","0.02541477001813856","0.068337160153057408","0.21113390864404549","0.015679380389336924","0.011753185919946797","0.019842399746556258","0.022499979894015979","0.04343816802911514","0.033116201862463265","0.02440690031307826","0.020970079775839111","0.11672826973169591","0.2406820097066672","0.042255879905926524","0.035477135969884034","0.024393425732831816","0.050688107062041902","0.038206102725749924","0.013967929443835644","0.025520392138632934","0.016924001322313129","0.06545719415550233","0.17331777971092485","0.019368399138785672","0.013397854951460234","0.014709648154176752","0.02022018641373171","0.016207808934624385","0.02542955091298486","0.023486590280766342","0.029342432239336982","0.11094756513623094","0.20283060661849936","0.057735299015334939","0.046001201673465518","0.025973551834750835","0.0076080858158307681","0.023291673878549086","0.027364041273009218","0.033299161217944871","0.024514124203648343","0.04999487904614118","0.14808733484791264","0.018543926303010091","0.012354843491016296","0.014311928908169472","0.026741904021532623","0.0131783579253973","0.029918974085307887","0.031011239409339052","0.056318047993997283","0.15092081271669883","0.21086057465063796","0.066656367463677937","0.048348739745858987","0.032746508163471355","0.057780495205139039","0.048615847935416172","0.010200988167327294","0.023541875679238489","0.026685570350024852","0.04975356961295823","0.16122728869954162","0.012140644219433065","0.0091399506814567894","0.020003982226280165","0.016132168312930319","0.0081793242300528153","0.02236750400713813","0.0070291340033349064","0.014998156104443451","0.15359130372086707","0.20449907301428821","0.043939555607007963","0.024479906400438359","0.0090923747894824727","0.016538254278294671","0.023191942968560728","0.02736202260396919","0.024855103205351683","0.02698408226433999","0.071412912557180519","0.18499116747680028","0.019551524635046315","0.010692920734324363","0.022569686399873432","0.018291815342159179","0.046513778918089568","0.034567303411471247","0.029348923817763297","0.035559279416965149","0.1255583668603501","0.24260331902269072","0.039721328266117212","0.033009414127759484","0.02341312365699872","0.049954098354996875","0.037241826187101479","0.02552216263969068","0.025157610886388959","0.012721585474626438","0.075673077882588272","0.16042393381734432","0.013545491587080823","0.022012932600925572","0.010093795712735752","0.020397671306055198","0.015433813720370924","0.023964927444958543","0.023187297776230683","0.028145180117964557","0.11777740362571534","0.23722105740870963","0.069139306404266535","0.036380148817629833","0.021865504156369654","0.0068081901751513782","0.019948831594639893","0.030951433530918386","0.03513229174926881","0.019535902938764747","0.051574844113222357","0.14107650637540614","0.014740654838780134","0.023573902736338144","0.0066014280435127033","0.027490577306082252","0.019498750934373168","0.018043568885378385","0.042793986835441361","0.050977803282535414","0.12664530432583695","0.23145426641286884","0.066152746615681574","0.038257088153563393","0.033828339560628799","0.066694486579502152","0.038710588500960173","0.0153859176387472","0.022280019689568199","0.029238767986131644","0.058380827217427218","0.14153700949776621","0.017187087981478829","0.016604570324846798","0.015763675960437862","0.014353343189850088","0.0067904732717661955","0.016916728435662956","0.014703525012689195","0.012587717760602553","0.14317281365395115","0.21780251710965004","0.039819591938685478","0.016173335501390315","0.013407052401041892","0.013453134055297352","0.017964464011292324","0.033902432303024248","0.024791901119235911","0.023759448801017328","0.068246755768785042","0.1820394811177049","0.019790802619678173","0.011762773136472794","0.024042592345794582","0.019089891853040972","0.044150638068292988","0.040187787098855815","0.028178433566228133","0.031738387392568131","0.129698574578473","0.24515097894426088","0.029194995560846763","0.026063613674417049","0.0044879992146210201","0.014964123494969901","0.018109903923744435","0.0076428681512109402","0.015539298053309898","0.021391159028329925","0.072756128316177601","0.28368984087844024","0.012871707956368751","0.017789945816625491","0.019604995523710683","0.016126986433455264","0.016676982811400218","0.02834841522335485","0.031658401176444889","0.011111535530779777","0.1068201121229292","0.22699532822285914","0.024131039342303973","0.014035378402441486","0.026940919729291215","0.0080931094281097501","0.015872018213209563","0.030323139739568482","0.027132216760616598","0.030727809212475116","0.097376190747512678","0.21904942356256576","0.012516568609307825","0.025516799508429049","0.02439064050833533","0.0053008645550725849","0.014392985438324533","0.013180427609909813","0.022692464238352739","0.020773107153395521","0.14055956144881068","0.195176283296882","0.040886497040006277","0.037309756098447951","0.013319743913694681","0.022922609723226343","0.015791078090356521","0.010552060733612399","0.039879237336026677","0.033820215452179538","0.079121752414188881","0.23837520078616414","0.018097978750370201","0.014583900694338559","0.01502963850154419","0.017321248236703054","0.0086833046256317558","0.02223685905228414","0.017674985259311795","0.027269463103236455","0.13194817753727556","0.21312187342222444","0.021339951981801483","0.014508325277318102","0.012090985612618545","0.014763541532336841","0.029551946890527467","0.042184784367590447","0.020372965052449524","0.034887328074713307","0.095383265212280632","0.2656586697098634","0.014221519115895465","0.026711759804472195","0.016413591251985639","0.018447657686236983","0.015667302691756087","0.020023982986081344","0.013768272588306131","0.017709580132327339","0.093172690737695726","0.0085558724397199904","0.0","0.0","0.0","0.0","0.00012037482869735916","0.071039668135856882","0.91358013259750359","0.0044075706507648435","0.0010185562428238083","0.00044446090595948","0.0002500092596022075","0.000166672839734805","0.0001388940331123375","6.4817215452424157e-05","3.7038408829956664e-05","9.2596022074891657e-05","3.7038408829956664e-05","1.8519204414978332e-05","2.77788066224675e-05","0.00028704766843216413","0.00037964369050705581","0.00053705692803437163","0.00064817215452424163","0.0010185562428238083","0.0016852476017630283","0.10297603614948701","0.49955553909404055","0.2567595096114671","0.011602281565983925","0.0095373902737138413","0.0073891625615763543","0.0063428275121300785","0.0052872328604763137","0.0044260898551798213","0.0037686580984480906","0.00300011111522649","0.0028149190710767065","0.014491277454720545","0.067493240490388531","1.0"
"0.25429407801351056","0.025289022993446039","0.048676420090325682","0.037461554474529271","0.038888655613839605","0.02919109192526452","0.016838523897058061","0.016681136910025422","0.016032981911605727","0.059529327850514145","0.18323334504750863","0.018989027197180024","0.010927341190982591","0.0081679109264274265","0.010299133075984165","0.019199036888774095","0.016163847314929421","0.026256583332916975","0.029684786441806672","0.13419618874489919","0.23200626606441857","0.016932444114626716","0.02375302394733201","0.011140013227161046","0.011574067935938752","0.020862379217472221","0.013508618683284566","0.024214987988376596","0.015237379230302096","0.054822713087922595","0.14775103474637385","0.02298218733538368","0.017111548978378948","0.018195046321015231","0.036945833154749794","0.060667628018404425","0.018051713358660008","0.036090616120051731","0.050265727873750589","0.16788676573391442","0.26402552879411306","0.059599152737716057","0.030844782565910289","0.020839555297637657","0.039170817178887395","0.023978220804978245","0.0022698195249772845","0.012748371377965173","0.026465844415990578","0.053741366356996792","0.18047975247871009","0.016040247544677089","0.013585185144161602","0.0030445988069257753","0.0056712704434359763","0.002908010875684017","0.016190225555875841","0.044221359921265899","0.046490011214823046","0.13768587165009921","0.22593883072095303","0.024884267173234942","0.019672214488146187","0.0090638279902381293","0.017968841318541397","0.019716839221436022","0.011992295581088346","0.012297446019385037","0.031379043902162312","0.077362620803083829","0.16512818374033597","0.020629527814722388","0.018705740811414427","0.023437431888765594","0.040499952432489036","0.073390463726474842","0.054737363675948066","0.031272881540502236","0.014510144658441198","0.10741207728701312","0.26766887892934443","0.042475220460176558","0.031294268110924707","0.041342184670995138","0.042534197348295208","0.015348300769545161","0.017858348440608181","0.02462787202966658","0.013242479338294767","0.047075054798735028","0.1877023190321577","0.014652840671641172","0.012165224488352118","0.004915223141604419","0.0033544654346702794","0.012832612166662741","0.009748695242908988","0.028214120495650551","0.047311410228068652","0.13563627895663022","0.24206596620309775","0.016452814455303534","0.018988871056028957","0.0053049504165145409","0.016452388386025706","0.01523571065955078","0.015382880691401975","0.018576306832358017","0.011034077960677976","0.060355880207414454","0.13063976504642361","0.022018936532576354","0.014160939164163965","0.011718294897726038","0.053530991804257369","0.059410885388202481","0.018223751279336703","0.039240581257653069","0.050838384937816138","0.18036761886340125","0.27239424626898712","0.040309238300354364","0.038057414374455929","0.022422991582148267","0.04278818413063782","0.024816105451811229","0.0050066634662279024","0.0086827445510067811","0.017396007252902031","0.067743799580781153","0.15766695068555017","0.018441958256730128","0.0093967839701613737","0.005924220458591571","0.0058875939078786984","0.0019618788637363813","0.014336403547775278","0.04059066480058738","0.058449917486419499","0.14772622644815017","0.21794010886103893","0.025731003617694051","0.024902907766882136","0.0080597085212596713","0.010051745403348128","0.013469699669318071","0.005764823163301307","0.015762100831781381","0.025796413094282107","0.07916819942944793","0.1590786918157151","0.022356939964301773","0.013866487738358024","0.005179881992087387","0.044745009763668193","0.096156620095716114","0.032698012690092322","0.046941979010617745","0.027942855474530418","0.12438680651105949","0.25164980654272029","0.028047838421426188","0.055202439958338109","0.036151665495196848","0.038420626599586311","0.016121897134719537","0.018278679867518063","0.023085808632044159","0.017764540175073108","0.059470775896432591","0.16958363802419008","0.013906192467128381","0.011729406691477921","0.0070356176406207917","0.0033906706719839378","0.011149057748964204","0.014064391911290115","0.017018135845280145","0.047095552495520832","0.16083325275783694","0.22797787734080438","0.014611548688450843","0.019768864182151392","0.0046769056645273154","0.0077596218312099199","0.022751158483138332","0.015565086027452673","0.019778639295425535","0.010563798344669834","0.0698181987390427","0.11789881263136953","0.020850196340150191","0.012813852964178392","0.013047068417398543","0.03636668359527058","0.078884982888154306","0.018166940103274239","0.040792261096687418","0.05039752827657859","0.1975099712697018","0.28527087334849038","0.048456698940227652","0.033458696591331306","0.023938503383768035","0.044882291830323558","0.026078256547876523","0.0032822784272581278","0.015689442939354131","0.0077988671222303527","0.055698592751475526","0.17210910408360067","0.01860103763433299","0.0056275549557152135","0.0094434176459077934","0.0022684688364138076","0.004183584268469636","0.010939478117859735","0.031286127591146601","0.070447036236279445","0.1305396822905158","0.23645598264039966","0.027835450729328939","0.016721539837761954","0.0070528354075677325","0.010510781431337202","0.010647389048355013","0.0063271445482457169","0.011821996031161219","0.024987870746506692","0.08286431498575178","0.15392901650970042","0.024994750125272368","0.0091891136449847848","0.015704496915892183","0.062902407136604874","0.072464167805983457","0.040742299041108314","0.033775596692410412","0.030887695359858906","0.12018514686123612","0.21369401365876181","0.048663584885282767","0.022253557350539722","0.010345440472338999","0.019178001585299746","0.022678763886505613","0.026804561671832386","0.031052635129624712","0.020496079875265326","0.070583850000363144","0.25313705356764904","0.02883921324015681","0.012217810823246581","0.012399618918569734","0.014319818427606519","0.017483938522981694","0.014838203249409305","0.0098617620451478989","0.028018511423769901","0.1231335735689853","0.19938867208984129","0.03084726007919638","0.02746661795589276","0.0090634970466386862","0.019800872558355168","0.019045128918914318","0.025216195609571099","0.029435762984758571","0.027679359252389568","0.089661384884903952","0.21707714544160883","0.02414253766353347","0.012917011745644691","0.0086491147951480076","0.010654955982834538","0.014846475834064591","0.020368528934546933","0.023925676404147264","0.031151780123463372","0.15866201493557353","0.19345515705919294","0.034386200283046939","0.019767966752933464","0.020393348731748927","0.014158294911806327","0.035632609706617614","0.018940991065234655","0.017167205612985244","0.020529255524019119","0.089334573088446612","0.22429160434841408","0.01544887175227381","0.0059534823177157083","0.011487148732533772","0.010278368896898461","0.007686395187394634","0.014494015985420295","0.013181392809305036","0.043559956984253551","0.18985315206779257","0.19851326552298865","0.039110782021114274","0.015118652804010584","0.015813758907233404","0.011470021563442694","0.037633709861660994","0.021062350108199623","0.019186832536140955","0.036697029448888072","0.086267441964684111","0.20893586148024798","0.046415665837711541","0.03232651146366794","0.024180263794537731","0.03374662930841707","0.019230127456263912","0.026206244563827474","0.02258531858145028","0.029534094044156235","0.075965432655419024","0.0071739618406285073","0.00079012345679012341","0.98748372615039282","0.0035016835016835018","0.00051178451178451173","0.0002244668911335578","0.00012570145903479236","6.2850729517396182e-05","2.6936026936026937e-05","1.7957351290684622e-05","2.6936026936026937e-05","8.9786756453423112e-06","0.0","1.7957351290684622e-05","0.0","0.0","0.0","8.9786756453423112e-06","0.0","1.7957351290684622e-05","0.00061952861952861954","0.0011313131313131313","0.0019214365881032548","0.33857687991021324","0.51231425364758698","0.013037037037037036","0.0090594837261503934","0.0075510662177328842","0.006383838383838384","0.0056835016835016837","0.0046689113355780024","0.0046060606060606057","0.0042379349046015712","0.0034927048260381594","0.0030886644219977554","0.002765432098765432","0.0026038159371492703","0.0039685746352413022","0.07276318742985409","0.0015263748597081931","1.0"
"0.2276554692080123","0.027035807305954999","0.040530728091672373","0.028171944538110876","0.0757700653949962","0.013396242029058206","0.023115750114400643","0.010299768974802125","0.04058408544470439","0.047700585057541559","0.20292735897683986","0.027334296190299839","0.020440716879722039","0.022309385590315499","0.0094973516269644294","0.022887051618970748","0.019035432500888322","0.028309459819730969","0.024787097685193937","0.088211393451804537","0.2122398161078542","0.049324521701231423","0.048117427374961899","0.042549493636072383","0.048935471086341359","0.063596889113991695","0.018804304331118009","0.016741138098978033","0.021606557085521193","0.073348842984213111","0.11228180998977597","0.012259270105471244","0.01158463225327277","0.0097255446905983572","0.0043091532841635725","0.023256279473812484","0.038356400597155491","0.030783095228177682","0.056899306086684739","0.1052800435780902","0.1933071898232071","0.042845042430919696","0.052406616905820567","0.048831541698815262","0.039386494548050634","0.072199536707566195","0.024132563015304354","0.015266865129726467","0.039904965260931374","0.060432966830831367","0.13429914506543777","0.024550902288363968","0.0065645689180288879","0.014478708586822212","0.012511734080054846","0.0099226542400931757","0.019817289851773102","0.017377818764443553","0.04336572591798956","0.12839766267198319","0.22178880864438183","0.036823216438785271","0.022770649309535977","0.026573102007079873","0.052553276589893887","0.027632884799703123","0.026580326376374488","0.019049949067584553","0.027214035256715854","0.059867197262953302","0.14677457500976976","0.023608930846710823","0.015110619350763846","0.013190908567628359","0.017369164702840799","0.02777100865943076","0.053128382981841298","0.040376500461660907","0.032633804882278877","0.10918265329769948","0.21531283666913151","0.044933323181938996","0.03800204517969745","0.028148506706379233","0.073837164318088663","0.016940247901613661","0.025316686884818963","0.016932041392802157","0.029306651194677766","0.045728785227197609","0.19023625169721955","0.027198789144993366","0.027787539649913057","0.020725155149053584","0.0082512574049524202","0.017186632107088581","0.017296226663644731","0.031765187981385862","0.02958254502135612","0.095512117825721818","0.19193466274207435","0.061634851200629816","0.047737970749692195","0.040916793450956779","0.052469829633932603","0.060774191333272408","0.019570579553693804","0.016301743943243709","0.035651444175152681","0.051376529459146419","0.11184884104745255","0.011501574154894069","0.0045151149509029629","0.0057048272994328752","0.013011896159782181","0.015394225314659041","0.046853660203442983","0.030102341913048697","0.059202997198444497","0.12349592308860716","0.1866715192218554","0.051486488632102582","0.069940433938099025","0.051040246275566248","0.036830340856771719","0.073251290355148074","0.016032978700572079","0.020857384647466934","0.036513117339986967","0.058584087705072382","0.12407906474112179","0.018225634324832315","0.0083349083904056698","0.012451568770031004","0.0066071250074023046","0.016164839828038974","0.0090766053339444569","0.017219543042637734","0.047982704902324515","0.1386501116404876","0.21446439709724696","0.038227653545928365","0.033360625197983537","0.021093993795730917","0.049215116407596286","0.039987729858755004","0.020769123131363757","0.023920612088235475","0.019521643328656406","0.055704248485615192","0.14465622156316171","0.019184605958646989","0.014887578850169931","0.013969665132540944","0.012366591057758072","0.024067729323938518","0.064152448520765779","0.029920803157134565","0.045003470315547182","0.11552573870416261","0.2391331969552179","0.028128165586940861","0.046449769400022919","0.029637265456945797","0.072818692201482474","0.019344355653085236","0.022469185634544721","0.020412327859503327","0.025176892283245655","0.046647414939534504","0.19491363741867493","0.026196396420838611","0.02950830312676142","0.012907514833411404","0.010357580857249082","0.011733482050432701","0.0075379711978893404","0.034705839818034455","0.038900974569242491","0.08302102528799131","0.20919734660188921","0.051512266780106293","0.042314848297939349","0.045382409715817244","0.042568234267198655","0.069803580918157609","0.021761174894104753","0.016783305917458954","0.035790190781823689","0.065627126455764642","0.092115566202191773","0.011457036643992802","0.0055968765816386806","0.0059819940487238973","0.013670993081047099","0.018555030491662954","0.037912034412877084","0.030711020635377284","0.06184330808071728","0.12141565291026145","0.20029501788814277","0.051389806077442847","0.047429084684338776","0.05233884460903046","0.060105488126200812","0.075921602149321823","0.0071930179552669006","0.024241546402842054","0.028597676260315941","0.061523220055212754","0.12568374959333017","0.01503824208241434","0.010212961407444284","0.0075414743284449243","0.0088008058449444461","0.011765123897613387","0.011146403993764441","0.02215788154143021","0.042642428976070963","0.13597561804234826","0.22755516955968672","0.032613441626283518","0.025778287031460435","0.027836915815693048","0.054960793240977121","0.035893810830152147","0.014278916304849105","0.025491044600367566","0.021459362976094371","0.056120312992815842","0.13680493202893493","0.021113505782114659","0.018612472181062364","0.011424888057569565","0.0129252970426926","0.033123835509003233","0.046942142513484282","0.026792232150560816","0.04617624901034139","0.12409638643779036","0.22186166893048667","0.031132961964139963","0.018486210907238395","0.025251605149528334","0.019663901537653811","0.011449463627675504","0.023176565098207907","0.017510112885413657","0.034610229948466756","0.084027467071568204","0.26660259580019502","0.019430167308643671","0.020422412466425836","0.0085292503061050046","0.0036941599911900001","0.01712275906348985","0.011639834394284133","0.022857614802785073","0.028768706041157995","0.11376230312237295","0.23407515124754352","0.047227135791452712","0.028819975953851277","0.014656603659850179","0.011933991519311432","0.025610134313577965","0.011836633327538589","0.031789124331504715","0.031233548131198208","0.11170838459616829","0.17164335434737799","0.026442118375501335","0.013468113411545558","0.014374888818135593","0.022385424654811307","0.014456922442827837","0.010493749151656351","0.019661859164554409","0.033853459084432588","0.12432942136047463","0.16579492622274344","0.073462185957622828","0.021944725206530517","0.04170691845328553","0.013043244668891549","0.021400226092993985","0.022629462154127655","0.032123021851072915","0.061911227605358068","0.090400941423407571","0.18162059603898684","0.034447748391623421","0.004493697338494149","0.024536214637896483","0.011582025269967301","0.014683674853820342","0.016640943799289269","0.01233076338543008","0.037635068493380552","0.117612378701741","0.18875158114562826","0.028758605217780307","0.027700105556085257","0.033391365621690976","0.010053357859370605","0.02858003124037348","0.02768613265855965","0.01460236081886653","0.038692631384228321","0.081030243178297864","0.20783112777536822","0.02151624198161509","0.030267103072982322","0.020182995295742363","0.017123080703981736","0.010833663129984706","0.034640473750323954","0.037310459726755153","0.032303584101122412","0.10874484713382028","4.2908633217003263e-05","0.0","0.0","0.001988100005721151","0.98725613593455008","0.0079667029006236061","0.0012443503632930946","0.0006865381314720522","0.00022884604382401738","0.00012872589965100977","0.00018593741060701413","5.7211510956004346e-05","7.1514388695005429e-05","5.7211510956004346e-05","4.2908633217003263e-05","1.4302877739001086e-05","1.4302877739001086e-05","0.0","0.0","1.4302877739001086e-05","0.00054350935408204132","0.00078665827564505981","0.0014302877739001086","0.0014159848961611077","0.0031609359803192404","0.29286572458378624","0.49658161222037872","0.034941930316379655","0.010126437439212769","0.0093826877967847135","0.0070084100921105324","0.0062932662051604785","0.0048915841867383713","0.0047199496538703591","0.0040334115223983067","0.0035757194347502716","0.00328966187997025","0.0044338920990903367","0.10358144058584587","0.0069368957034155274","1.0"
"0.2506597896947565","0.029199218297353186","0.03418699483726962","0.017903173366780611","0.043845483669687046","0.043886181507253735","0.022473856407368136","0.019149187009635311","0.018285793886001208","0.066599734843532973","0.1982595653323809","0.018773725615907573","0.010611570608530237","0.019845663331543233","0.010918808859111903","0.022839608318058546","0.0076836484884215944","0.019959559882896903","0.031509846547970503","0.11340858294349354","0.23088056163149301","0.034721995850439107","0.024272720749224926","0.015476805652801276","0.029608631662753269","0.020693318289574339","0.017135281547819053","0.010152110090880798","0.03132156813457513","0.047240794874037324","0.17194594629018037","0.048572845067004752","0.020280365830813815","0.018511103957685685","0.01953688725648102","0.018514864412050573","0.021516133869513003","0.04855551925210181","0.028434159690316634","0.14262837907618844","0.2407969942571267","0.029036564947916246","0.05918615725686184","0.019028733545634023","0.076702003664026949","0.027760188105008823","0.0058356249815868537","0.0080960679511010592","0.018695743473580242","0.04592843010753013","0.20486940988635766","0.024102140345552789","0.011976953016294607","0.0056852303480232347","0.014453839591604487","0.016668747200872653","0.020806066566463038","0.013286745254858951","0.036237168218155605","0.12084718345336397","0.23302148910180628","0.032480601176446779","0.013563656943238363","0.023546776429705915","0.0070749041908397588","0.013721904784860612","0.032704984685332797","0.019154523604748997","0.036061521752268295","0.035765687575882638","0.20027717776364704","0.022388073243666748","0.019641782697091083","0.013886898628145957","0.037716123882971402","0.035515198127790186","0.0302839104399612","0.030730656245876547","0.037310684523463443","0.12515343816646998","0.21986426970897915","0.044512834223411971","0.034364752184109372","0.01118027511608421","0.066119679978500587","0.027122455650031511","0.037979463263137274","0.012321261758528055","0.024423551128624581","0.056274535184573593","0.19011152233970902","0.015853545885990868","0.0057409566467565383","0.026708681221312487","0.009690712510232017","0.022828378763924455","0.005020587125465774","0.017789154011353978","0.037476891153953709","0.13461648607489857","0.22006159781043746","0.016300936678196626","0.025905868282215527","0.021854613158799593","0.014829900594034448","0.033588266177364233","0.017195734774505433","0.01274240846568615","0.028905163678474736","0.047876046440939242","0.17029769665378358","0.034581628229463889","0.013900958011784278","0.016067598482521411","0.024080255796539666","0.026960801850668199","0.019058277787586595","0.04112061407046852","0.038832803497128712","0.17583882356539232","0.23263201255788155","0.047095799642576847","0.049799108620845661","0.033643061515875358","0.089149634938648789","0.020828675557179196","0.0073069487885619273","0.011717614637876329","0.0089641486497234173","0.058130926542529618","0.17752365060924608","0.02281157365548284","0.013644729704115871","0.0050844454346391874","0.010878715082120953","0.021577397454481825","0.0072852568185239478","0.028889593089811524","0.02786346041203662","0.12517323922413387","0.24131247176027151","0.032922814312645127","0.020159271460087464","0.013827842825507161","0.01654967254557535","0.01031758669058605","0.025833177783300538","0.01874740663179942","0.03291458161116461","0.030699741844668022","0.19816092701949109","0.017424056189496408","0.012357442027330908","0.014028271361814903","0.036585180772748374","0.04613869925262188","0.030617035406270896","0.025753275522388014","0.063689127212227706","0.11196141227388716","0.25640848767881441","0.034409217940869222","0.031440332917841714","0.0069051284546151476","0.063796172085085007","0.045526351890130851","0.024675375678987373","0.017571605890607772","0.023552797584750328","0.059403602811616364","0.17593174037398623","0.015869406049007845","0.013130859060620993","0.025387559698912716","0.0063503323451437124","0.018397015230942268","0.014985846032587891","0.0096388965714942244","0.034503107329706281","0.12211615851067169","0.22971177501813508","0.018923417753562721","0.022150928788013783","0.023759187225171327","0.015056669621886093","0.031375513850506499","0.013852530227557457","0.012173669650622429","0.026661059389230666","0.05446723934709044","0.16815088695357971","0.033905342905459608","0.011701286831166152","0.016776416062746841","0.020306242164113551","0.033600891268224228","0.014455697109859861","0.035475130908450135","0.051190375262111974","0.16630573387389067","0.25873939272170904","0.038407279353171106","0.047316185355225734","0.038834245719572988","0.073324855747698869","0.039452268375366598","0.0080671443504582406","0.010308044901285902","0.01518497625123646","0.046241845006570276","0.17697041454786136","0.019068642925459511","0.012804766846256983","0.0057919817112724445","0.01239144814300118","0.024119164458563304","0.010013574002383441","0.023153486467440493","0.02329193993756527","0.11651833637282646","0.2401064963058914","0.034204072499613783","0.017347379868465931","0.012920872705944157","0.017243387458623981","0.015930856617591072","0.021775345088294394","0.016288990963670556","0.033965523349613759","0.03605354764199508","0.18115863474141874","0.021401020230871832","0.013311499780713137","0.013157064271347468","0.028758884976850713","0.05186376471561556","0.038817577471473498","0.023502039654974504","0.044654145594589453","0.13753889065722422","0.27374558549419664","0.019933867313164919","0.011773696426051566","0.012046744443262354","0.0072187811305370504","0.020214391114317148","0.011387812874662298","0.0095626190811939401","0.027385265114290579","0.097263383058448311","0.2723448764735909","0.025423237854691656","0.019262981145259095","0.0062620726718813323","0.0080709356486046106","0.012323416108267902","0.010382764710407773","0.018574254030068689","0.020372955375548715","0.1164503530058577","0.23148241388696345","0.022612109948534683","0.025743296825073227","0.012201841865477235","0.01064143526129652","0.013939041862051424","0.01009488933391064","0.026008578404631083","0.013992151195805783","0.080856151399118295","0.24158342959682264","0.047007336629787996","0.027176538021999978","0.012408556323172622","0.01259460085994793","0.0062890738671335968","0.024713460417774964","0.012511027379891434","0.028163929658079657","0.13998012951724861","0.20867940875149354","0.034791112536793255","0.026937380117210381","0.0060349302969981353","0.020937446700732196","0.022969024255964487","0.011465202851764141","0.022086131032642269","0.020511845376754864","0.072356549385212229","0.27487589156927195","0.012870580591858014","0.013512145075732075","0.0073741163377573048","0.0238314665753834","0.024529983773877891","0.011076944737029935","0.0091521440607080333","0.027532984310385394","0.1484747027042127","0.2204789835703623","0.02511881701130058","0.022042107335306989","0.018180916689024509","0.016111076363094886","0.014053860888010085","0.036516763500820448","0.023596258676055464","0.044374220110547979","0.077478418495552273","0.23320416271973129","0.023584114645875242","0.026503009275109804","0.010889781906619834","0.020435306131784802","0.01921930625981233","0.0086169580642506977","0.023095995652930339","0.032098577404188783","0.10440135845320891","0.0047600913937547598","0.0","0.0","0.0","3.4618846500034618e-05","0.00077892404625077888","0.5652738350758153","0.425984906182926","0.001704978190126705","0.00054524683237554522","0.00035484317662535484","0.00016443952087516443","0.00010385653950010386","0.00010385653950010386","2.5964134875025964e-05","6.9237693000069237e-05","5.1928269750051928e-05","8.6547116250086546e-06","1.7309423250017309e-05","1.7309423250017309e-05","0.00021636779062521636","0.00038080731150038082","0.00063179394862563178","0.00081354289275081359","0.0012462784740012462","0.0077459669043827457","0.48549470331648548","0.36964273350411964","0.013215744651388216","0.0096500034618846493","0.0082739043135082735","0.0065948902582565949","0.0061102264072561106","0.0051062798587551061","0.0038513466731288516","0.0031070414733781072","0.0026829606037526831","0.0032195527245032197","0.068753029149068751","0.0032628262826282627","1.0"
"0.22980200126333264","0.05632790430046801","0.021622963442713253","0.014546067885841236","0.033948987802310655","0.029976130728059797","0.014963381168342683","0.015067393339006739","0.017091483386098158","0.062278289882121821","0.18846925995185607","0.031497752325581732","0.014974896726527308","0.013757705376245873","0.018081673231138067","0.025250479764767835","0.014938111336933789","0.025171113291825226","0.0456227446277215","0.12661165250754289","0.1939052428420571","0.016460408420328251","0.010113542569470113","0.016865597603500031","0.0049089282421920658","0.01724853976504441","0.016084392275612484","0.016900927775818","0.0095830244510448463","0.099673520182925704","0.23028209958929052","0.036592641728449983","0.023280655279995885","0.018701315803278877","0.047809171194106777","0.07716122583852171","0.019809239737461997","0.022738548274224463","0.031968348902074409","0.089912623762737384","0.24787300549434621","0.03478749798007906","0.031110884690891957","0.024624572621436611","0.041926207831865132","0.01580693017940352","0.005860479138558734","0.017663159993610046","0.030214554161578779","0.047889014526526885","0.15852662004763743","0.015695698567266166","0.016919279635205797","0.014993394843916255","0.021933466985533369","0.014622093395380684","0.038563899494613182","0.032931249885701938","0.034171464833575763","0.15388651918360025","0.21206790579836621","0.027281755650047108","0.020063767189755836","0.0083601628457173251","0.0099728052411915177","0.028072356849140837","0.0065037250645112463","0.011130730380108561","0.0098864994500417851","0.062678721181787078","0.12181777810299016","0.0070772064366818035","0.014625894939082075","0.034702751733707952","0.065492605210456523","0.061613284412693863","0.052002145073663845","0.032811728417744088","0.038284758585062001","0.17555341332866825","0.26201540218838448","0.048573345038079335","0.028135569363837411","0.011628863253313306","0.047217016313899698","0.02014410049386961","0.0037534163876945903","0.020407278694882177","0.025695602057094667","0.050719190952133106","0.19573123730836473","0.016947401719300138","0.015434823590020951","0.017915506138174997","0.021021935072761067","0.0093825150890291757","0.018791461183722859","0.025862842433379503","0.029467095213146995","0.13115539084107095","0.22101343149942371","0.017025008454899272","0.018733659042445127","0.011142929997637038","0.0041329565258576909","0.014902031615608267","0.013291346888520857","0.017905435745369826","0.016355409169020847","0.098132658534537828","0.20469443132622103","0.033382488091485397","0.016598049832188946","0.023830819719367201","0.048009667404738478","0.079692951479915022","0.015056936845402016","0.025913373576085717","0.037611487109148439","0.082574921427564604","0.25571157735921607","0.015394032447808395","0.050239173278665818","0.032255174219488196","0.036023709118966109","0.013151074983926994","0.0078211390242386176","0.027796702845963708","0.021719894028900445","0.03917575313686255","0.15707305303495483","0.021605943891662704","0.012503541770536038","0.013530478357297385","0.013084751667119893","0.013156938419318965","0.031581868238192097","0.040149321796963351","0.028692261049312429","0.16933360517659726","0.19868424099500487","0.016444284477017915","0.027551238526393938","0.0029309143025354365","0.012262447893541176","0.012199238407903441","0.010723115658393789","0.011099817678455345","0.010744239711601574","0.062871020366040906","0.10223568021597018","0.013706986044440463","0.01474965331703537","0.031119305401957838","0.05655611354449986","0.078496504340397802","0.046513117295706209","0.034075766741744729","0.047298035999829048","0.20973827582857202","0.24082746702071808","0.055865699630406593","0.023056806281014079","0.0092982462784500178","0.047694933879220511","0.022390016424146231","0.0013958672199682724","0.018887408002732215","0.015299078098326325","0.067131755117921202","0.18115861833344049","0.027168048733335348","0.016992686549671315","0.013372580100894415","0.016511810457262754","0.022251892077613907","0.0069764317963167356","0.030954424528799981","0.033534607939823206","0.14923161514519118","0.20810568561028878","0.027244765717305566","0.014354661373934341","0.011293801544586802","0.0039850903389584188","0.01554803294904558","0.013050533033598401","0.01626627782053967","0.012669051279263786","0.096607241102318622","0.21001777562184099","0.024016985327618656","0.0225735754908961","0.020471724982375119","0.04920282164195023","0.081911307668379535","0.0093444752220201207","0.034408213394441778","0.029926227478084749","0.099001746687329917","0.27338059943303927","0.033226208750598937","0.030818902039515279","0.029652022571815512","0.035170673480302644","0.023251050174512466","0.0058447663116451354","0.026978408595605269","0.012768097791191509","0.048376792529855425","0.15632729987660129","0.022732543722582182","0.011235853152469982","0.013417118932285553","0.0096516243217130721","0.012258583562116183","0.027151047302678821","0.050978656555724512","0.038029603825189828","0.13875014107446246","0.22832608797878071","0.018510824678697885","0.021039541021808269","0.0071303684870385109","0.014611646962613248","0.0030948841852375905","0.015341204103246475","0.011344484349448986","0.011332636865637982","0.061898682408473675","0.10578326679280975","0.012009333040260254","0.01738780344283241","0.019829901301540654","0.071017343409503733","0.068929331550426451","0.054057704759347139","0.029420988400447091","0.050124911668025206","0.17880905150836904","0.21589064187460524","0.028474452212928693","0.021049647835607338","0.012728253191422624","0.010603805507789235","0.01391268779784847","0.022880224267874619","0.0093798316974404577","0.01642973916633457","0.081884044210545029","0.25947715185698267","0.027252724576938857","0.019794245737582192","0.01809986540984428","0.011407127499156631","0.018512498289546382","0.025469196783883964","0.018513670995879257","0.02591525602985436","0.1423249268127432","0.17367414043279888","0.013246470869854138","0.0096992617277041789","0.016051505094216146","0.010864927771056182","0.014330451037739245","0.017743894069169996","0.022460391503562788","0.013301284031965991","0.093849334175767435","0.31673499121266291","0.042680196535347173","0.015900898591204776","0.034371681669544608","0.044096487617199059","0.024158884960607984","0.0082949554496464326","0.017575570661000239","0.021907601006123944","0.089057066870284626","0.21798989415844233","0.02019644650640021","0.021266133449804121","0.01928782797791781","0.019736795540589592","0.0094574751592322731","0.0087814180550902544","0.02419485631830651","0.028279828158721432","0.071860214588205615","0.18975060787136061","0.012561543703343104","0.022592044936606222","0.014306347671168168","0.029277138567157236","0.027356840602405678","0.036099232010831962","0.026807614231092423","0.043424824043347764","0.15677291004013452","0.17473346278024213","0.049380484043918753","0.015961715987289727","0.01233943634871155","0.015405595263159433","0.010155136083721801","0.0053740990975057164","0.028490466689971784","0.027582618634979874","0.063207256807718978","0.19466446655175051","0.039242399568979083","0.024181970673201745","0.021118466820633123","0.020809946965647242","0.036858453632209187","0.030636179976382176","0.040739726055679742","0.051849009099237432","0.13726910096036912","0.010593110593110593","0.0","0.0014331347664680999","0.98272468272468272","0.0040490373823707159","0.00049210049210049206","0.00028490028490028488","0.00012950012950012951","4.3166709833376498e-05","6.9066735733402403e-05","6.0433393766727099e-05","5.1800051800051802e-05","1.7266683933350601e-05","8.6333419666753004e-06","0.0","0.0","8.6333419666753004e-06","1.7266683933350601e-05","0.0","1.7266683933350601e-05","0.00040576707243373909","0.00072520072520072516","0.00097556764223430891","0.0021756021756021756","0.42809289475956142","0.42394025727359058","0.013588880255546922","0.0091168091168091162","0.0079426746093412756","0.006440473107139774","0.005723905723905724","0.0046879046879046878","0.0045066045066045066","0.0036691703358370025","0.003220236553569887","0.0029612362945696277","0.0023051023051023052","0.0036001036001036","0.074393507726841057","0.001528101528101528","1.0"
"0.29069260348760334","0.024868824377668228","0.021326465513247496","0.038969000307606472","0.017818556893369482","0.018878924202862225","0.025654746417526863","0.018915187107446794","0.017494129560868314","0.071189944703780386","0.18123058938806758","0.013587417294662705","0.0073861903613319227","0.012902773267956108","0.0076532243937767171","0.024330262507289448","0.022273822978803415","0.019958840682163925","0.037861736726966737","0.12700675452611221","0.20025336595050092","0.026116395011493872","0.015895668243944682","0.0049381954623298353","0.034090823782056336","0.028632887053861425","0.013042744505145249","0.017775012188113573","0.013457902244548424","0.064785939061962422","0.1173592355677915","0.017076479147097059","0.012876661739834448","0.026187253234653058","0.048897961434680927","0.096378283501739062","0.020831440453213019","0.032596994148523309","0.043683698528599275","0.16512305432061999","0.21092274474699663","0.046835158713611255","0.024422253830481164","0.026582829809493599","0.010837690869371726","0.0079917952116725782","0.013942290609510171","0.010867548897959239","0.038571075206904074","0.050299176591181508","0.16846140306666108","0.031525642993946626","0.013976600467145068","0.021952291327593","0.023593390216036906","0.035641376622490027","0.022391219630848384","0.016652997048458955","0.033531833450721811","0.19100067460401654","0.17640830846624689","0.030794371420156258","0.025709560364314637","0.014236552683822304","0.022839689826601894","0.031314263663856035","0.013410506069679683","0.035130956214170624","0.012921434777238439","0.081476597497768921","0.17038307260717925","0.013927226492498912","0.020433799304556306","0.01704762349303858","0.068236360212130073","0.057033876197106155","0.0302587591418228","0.025443263389678599","0.047459357320512284","0.10553441488358702","0.27280984840516864","0.024451257965946542","0.024305738958214751","0.042134173876411017","0.01854398239814779","0.022995119585386154","0.025823645633025714","0.020155022809483097","0.0077802753739848437","0.070193356002392654","0.16588770415661991","0.014376353948651313","0.008019788913274626","0.010455173617522741","0.0059628789980324132","0.01510576701499545","0.022586674127802082","0.027541647863759917","0.036550142916683334","0.16432144294585241","0.205906096872185","0.028061511768578868","0.012861868131685224","0.019435262460666753","0.0061946351256360358","0.043065297740094412","0.01016006560181883","0.016444649233227214","0.011541047048877194","0.061345071398003971","0.10486746347170917","0.018613084042388747","0.010530459587778785","0.013249778205125833","0.069310561382324332","0.093362562002592811","0.021316459464851494","0.044366284663134227","0.038670715184749641","0.17069712306920914","0.22755261278704284","0.041771726398543201","0.052193721127254608","0.013408241127200966","0.013061119808857293","0.0078294596529834039","0.007305772786677444","0.012994530993996374","0.030901060187234403","0.059184469340914127","0.16737654112842562","0.025511892237956569","0.009663199152970996","0.0059972957351560807","0.030585071094338893","0.029900741245792964","0.023111513784609485","0.018341855155458889","0.031140738384473971","0.19216843225785035","0.18721188859263607","0.025052191395640907","0.023185616121824189","0.016940966634633972","0.0076481877095670283","0.032291294921779103","0.012918704543801444","0.03566195393210362","0.011480210262626274","0.078250966832397309","0.15675478650249502","0.012594891818056998","0.024080653802048841","0.009061198751457878","0.093204777846125367","0.048339648855605127","0.029800683164256058","0.036902365991873479","0.06367479373063073","0.094944213242517519","0.29274716533090078","0.023922809975817947","0.01942733529202776","0.040970995868627499","0.012923285930224158","0.029161530094936987","0.013134267272992219","0.028986291689453485","0.018179163575906161","0.068129246796677673","0.15926583238765366","0.012139723921253237","0.0079507622003136477","0.0096751033154010534","0.0044866389895011479","0.013394165106523215","0.030592347585967506","0.013483136392165798","0.042576579329395209","0.15885361457079522","0.23169614075085448","0.018825304778684725","0.012450921094826027","0.011683389903246954","0.011715161586391245","0.045126345791115463","0.0092546586513996346","0.016092844038978892","0.008557699719780416","0.05668853527318133","0.10989512382877502","0.013860114416083768","0.015096428691424664","0.0119998008157886","0.062785440993650715","0.10262930380148573","0.026265925960149199","0.039703018641521523","0.031761697160991226","0.16391214072823784","0.25906533441966945","0.050431475725394977","0.043964862683012529","0.012267228086863903","0.012734343548846928","0.0062035584591785204","0.0053875223345457648","0.0098083907119466286","0.033435236999214683","0.063398176609362783","0.16739569103422627","0.024191459965893339","0.0049654664054229912","0.004957628032716082","0.029662041695339984","0.04233373455423433","0.01325136209905634","0.015535555947721555","0.030823260516048744","0.17018766468084273","0.18607184186198014","0.029563282777638106","0.017062912187268225","0.01746040049691186","0.016203978641442119","0.021633250419537457","0.010581943955625067","0.035313691487300292","0.012472555067299119","0.079822882997464525","0.15400785882270371","0.016133676611847513","0.017875445342854852","0.0040373133359205542","0.092969422850022881","0.070100729692202837","0.024700805182290259","0.029274295535672755","0.061818231821026318","0.10289547558472958","0.23001702366396234","0.028574534073391326","0.025223468926343477","0.022688638749041444","0.0076990808186614161","0.014277405615389758","0.011300974856215075","0.020243332299999191","0.022681930129748732","0.10330640659826318","0.26251472569624801","0.012773133020809539","0.0089925311463427623","0.020468121989245931","0.0079550198521789184","0.018397884641173097","0.018004421742318436","0.017050002347100919","0.019158707275930803","0.12867264934302683","0.17385292749445114","0.028298017298895979","0.027379182986185104","0.019173004367526912","0.014614738994550704","0.02028328728391925","0.019451580158977768","0.022028068767818963","0.028138205624296444","0.10202797179119617","0.19900203937205788","0.017644434105388067","0.01407059913816221","0.025436956327032807","0.026710241878319576","0.03721083813116375","0.034215427815472224","0.0069638612694282722","0.044922983533374795","0.138575626514744","0.2034997471481427","0.02540309955352037","0.020339196773779621","0.025953439278368247","0.0077202035417304887","0.019540214164531732","0.01372681736996215","0.018916141601034539","0.026536534353256844","0.093462808685965168","0.19476612152170097","0.040411456565979859","0.01944541142440994","0.013441238241439085","0.010010957519165045","0.032167135196767817","0.014186524506493893","0.0359502255861422","0.04835613072113383","0.13616658975022963","0.20593468266020135","0.033464444057635941","0.027054205290829938","0.017454548634064627","0.013201707740370992","0.050840341003680879","0.015311558637512131","0.037673405772553424","0.035134864006646442","0.088874233224415455","0.21155424181004745","0.026527587405442806","0.020063923572433365","0.015111417313178247","0.03237915193604142","0.028062225655252963","0.0094918723668958836","0.016613250793616276","0.042668410187154671","0.072583921211894831","0.0069904490957122534","0.0","0.00011176590123958545","0.026620605567973989","0.95812842918106078","0.0061064824222718962","0.001016053647632595","0.0003861003861003861","0.000203210729526519","0.00014224751066856331","7.1123755334281656e-05","4.0642145905303798e-05","3.0481609428977852e-05","7.1123755334281656e-05","1.0160536476325949e-05","1.0160536476325949e-05","0.0","1.0160536476325949e-05","1.0160536476325949e-05","4.0642145905303798e-05","0.00060963218857955695","0.0012091038406827881","0.0018898597845966266","0.2218451534241008","0.60228612070717336","0.027016866490550701","0.00958138589717537","0.0082808372282056498","0.0068177199756147121","0.0059235927656980285","0.0055679739890266205","0.0050599471652103233","0.0043080674659622025","0.0037390774232879498","0.0032005689900426741","0.0025706157285104655","0.0030989636252794148","0.0063808169071326963","0.079912619386303591","0.00070107701686649055","1.0"
"0.25446162032399466","0.028047741783150931","0.040736809350048864","0.023149570780192179","0.034024183125445501","0.032162719296878514","0.025767691700645103","0.019252125753469681","0.013169078666624793","0.072736741712562725","0.19431047465393841","0.036070908712033327","0.011663877065443948","0.015750143009558727","0.011539646908359728","0.018788830494590208","0.01165473382918269","0.041859559790605835","0.033711256480683169","0.081142278805368256","0.21299506717865602","0.01827546716965216","0.015321980293353715","0.012259882936878568","0.021218789005722029","0.01530260551770512","0.0099691025211125009","0.013323675613948359","0.029998121226701178","0.072775256788167972","0.24336637353759194","0.034719845317990938","0.022530644275061736","0.013938416390633115","0.064004633194059704","0.025190737426784997","0.029734994458493608","0.02048130435539822","0.029429179639030346","0.095163916753680758","0.18754655465298781","0.055808315396860979","0.019660687781339885","0.029308034189279256","0.049417006340788529","0.044598088037310489","0.021174496394911958","0.021731679122430417","0.018612205958568103","0.052198894176638901","0.17474351337125441","0.02629633947027726","0.015156351425147974","0.013405951317868587","0.026406729643511911","0.045095820851214018","0.024713810673108315","0.026569829243937634","0.049417935048706028","0.098137750690539857","0.26504485421688578","0.036749426385077825","0.032425149394938166","0.012745356055748822","0.018823333859628446","0.00690531867850319","0.0063221602477190062","0.012627882507920843","0.015426433163030025","0.046575759840339036","0.15864389911180268","0.024617555235912341","0.011314802243439807","0.013963174625834027","0.024197254681948797","0.038478829944182932","0.033421681361891081","0.035460433619134001","0.036092360849278707","0.17016432819637931","0.23425244418222374","0.034911901406615729","0.047480265071145812","0.017012460124812983","0.055523019436501807","0.037317826500810392","0.01892342751976215","0.018781072872943429","0.014999302248805033","0.078331827266572077","0.1683041687817057","0.04025439987868254","0.012846109156691498","0.021342383296908643","0.0039721025024316379","0.020002964398768093","0.021417909690638556","0.017657335688176491","0.039031358003373547","0.097637715137589495","0.2232093506157603","0.01296163174060211","0.021756975919365356","0.022116984071808066","0.012109836594002993","0.012382064571471878","0.012576548734077646","0.019043654200481996","0.027061195447113988","0.063578383665548355","0.23062842655451599","0.029098929565878284","0.026132191358819026","0.013619210161179096","0.060060796699456076","0.036329603919686419","0.029367923700177836","0.017655773864012927","0.025358769037927737","0.10495174313595552","0.18797644987513593","0.053585098394834926","0.0305518089857683","0.036629097858826412","0.046526612286040929","0.042186127901688533","0.02299764426830744","0.023540260150741336","0.033970234396270817","0.046277589903071466","0.14828215588698118","0.022442903788593656","0.017856250904670305","0.010171192443182462","0.027755079646064919","0.041469307607577548","0.032374102658364261","0.013614403742857786","0.050442782775344447","0.11135089112605802","0.25523113720945162","0.046255800106207424","0.02228937124555205","0.018685304251966153","0.014461797439365081","0.0095756735477560122","0.0047303129080770194","0.0094188423529448645","0.021849470162991404","0.046852596031479989","0.12725060969681176","0.017073254204388343","0.021533005420868293","0.012064232673414976","0.016886697595048294","0.046944127247395391","0.036510896937055837","0.043522582139700373","0.039550115561825153","0.18931416847765284","0.23978512331418933","0.048596112648465757","0.02814242213119186","0.024335731257105191","0.050884786322054336","0.051557395061976152","0.0097878875573371386","0.020924982033978932","0.013840258006383003","0.065199032749230848","0.17678926334624931","0.040486818842913656","0.012116374976490206","0.016987949398180914","0.010769998301029593","0.027426019884130015","0.013353445312001317","0.024561626008171314","0.032116314606840238","0.092338451732609461","0.21181539721628923","0.019209403709097315","0.013837240740027424","0.014585833956575523","0.019957545913331782","0.011028880669375822","0.015612030570704998","0.015998419414784137","0.027982086769867274","0.067239115464861318","0.22277697068010535","0.021364089508471001","0.032869334914787079","0.014794652657786723","0.067718941508567027","0.020844495666752515","0.036760464924805114","0.014440264413809653","0.023607012037656777","0.1275578128927041","0.18824780103686009","0.055857372603408895","0.027190447809687296","0.015799455252019333","0.060749386405831135","0.053382048615213062","0.020191097171528557","0.022820709062908257","0.023653004618641331","0.039247299896262182","0.15454129207478637","0.024734470405730655","0.016702871675397548","0.0095478192194267415","0.028962350232200385","0.03809840096172127","0.027721908501180361","0.021186221829015847","0.058676949215244016","0.11268908820481061","0.25557822561659982","0.04499299338731623","0.019342595892018088","0.013787464098994154","0.017880162498907167","0.011508446145935226","0.0036171591891918462","0.0099167223242633846","0.015323718604149385","0.039986013945062224","0.13448022615533703","0.014987556996872433","0.020116767513614103","0.014404196252933352","0.029027930481633452","0.031756008304077821","0.037469182874400243","0.041962835090596513","0.027820319209341689","0.21604147084052069","0.23883451172993708","0.021872592646847946","0.013623420750299113","0.0076592507259410619","0.021931684069647812","0.017816762076760889","0.014950488035751887","0.016757981288367658","0.017076696038303536","0.097425571035921699","0.23119412651839835","0.039797497514264472","0.014916462617989474","0.01970959257637097","0.0041026063424235946","0.02176761192609452","0.020156714412592425","0.030851887127823552","0.023324764555356453","0.12622976867170632","0.20946292068203046","0.01926928014047339","0.012162954996396136","0.014364655447026911","0.010237011400107904","0.013479021275551683","0.01515572369029025","0.01056146899413337","0.026390962043071352","0.080037665822618162","0.30840609971231803","0.040660182666581689","0.012192191292343717","0.012893121307642199","0.076880490644277225","0.012033988938339251","0.013528249098817379","0.011748608845576602","0.017425516008201834","0.083109881468270891","0.19837795882880602","0.029991194291925143","0.02861090639956403","0.012548591452229609","0.015359308932007161","0.020235939112935093","0.01816686597703767","0.031631353314273664","0.020933509133114606","0.083302151515481634","0.22887750928670725","0.043762724735346724","0.017949139505007657","0.0085622455522354115","0.019756090826502613","0.027893404792033033","0.02486045591768311","0.016174036552556555","0.037191882384415724","0.11581472359077931","0.22463684664489245","0.037885574189147238","0.011762245752933321","0.014289039860654593","0.027112404664336835","0.0085648347151900343","0.011088179598053071","0.018556765969054478","0.020073289831757223","0.095144295940750481","0.22515303280581792","0.031187856733310721","0.027590454858647043","0.015978250705888247","0.008247180172454462","0.017073290641663793","0.022191020793063166","0.019771492540740964","0.024908706444463972","0.13878522798048326","0.0072200466902628208","0.0","0.0","0.0","0.0","0.00017885382935462009","0.011117177498305595","0.94126063709616692","0.037361623616236163","0.0012425634460426238","0.00061186836358159496","0.00028240078319150539","0.00023533398599292116","0.00015061375103546954","6.5893516078017927e-05","8.4720234957451609e-05","0.0001035469538368853","1.8826718879433692e-05","2.824007831915054e-05","3.7653437758867384e-05","0.00026357406431207171","0.00042360117478725808","0.00066834852021989606","0.00080013555237593188","0.0013931771970780932","0.0023815799382483622","0.43433240454853528","0.41474320355448452","0.014091799081256118","0.010119361397695609","0.0083684765419082766","0.0065422848106032085","0.005902176368702463","0.0049796671436102115","0.0043772121394683337","0.0034641162738157992","0.0029840349423902401","0.0027487009563973192","0.066175916861209425","0.015240228932901573","1.0"
"0.24705791347348277","0.05235999418753972","0.019844297484792991","0.029506693267824079","0.053147895284407054","0.040435712610936023","0.012044367160698738","0.024504648699697901","0.019297225493876458","0.068692341504696428","0.19066261545795224","0.02438304747020029","0.0109723987213782","0.011875854751721001","0.0061621332391474364","0.0034316068471236714","0.018546533708783397","0.013958024737383839","0.025167719677793094","0.12794896958475135","0.27917759168037642","0.049265141913926905","0.040190850226215102","0.036311394415029216","0.025450400543007838","0.026797760004136584","0.018669880880763993","0.017622607889567751","0.03151764525249947","0.052863787499702532","0.12764522597457148","0.011298625940101953","0.012951583701284399","0.010219830064719325","0.025894840698323981","0.035193385709096137","0.031087375486846973","0.021644621661531777","0.032287067763249674","0.11391037870135388","0.27951473334113119","0.029957162210030454","0.038083772159600786","0.040358923322830559","0.067168243605328762","0.03220861461894689","0.018277898067988484","0.015225669194755546","0.018464587387348286","0.040992605771405038","0.16715643417953596","0.022075174079052334","0.01430225239541361","0.0120903940849784","0.00082602437628566882","0.012679835100286075","0.011776150681039901","0.023945739595713566","0.035625093279648405","0.11927068566925261","0.21940778492849652","0.040802274648364029","0.031384198416156833","0.017205714809846354","0.024645151720208876","0.031372872926383438","0.017796824869767684","0.019089437667656958","0.031208000981312919","0.065574521059310886","0.14739584253625962","0.023298571416130256","0.013884062338989211","0.010517345584524893","0.030633089264328783","0.047471056379450684","0.024009682312059195","0.037298270464642687","0.032316879502976667","0.13468841241471996","0.24184507834277003","0.058473374398753074","0.021864855490094794","0.033376440963229698","0.067953262546658413","0.032523085627262333","0.012395295768957452","0.026946098582051919","0.023106278800104435","0.048331863308340842","0.18465652697274679","0.02756303652700812","0.0079221671622536211","0.004435259077328545","0.0036359049572718348","0.0020478577560199265","0.014199911426565988","0.015915432212656667","0.023836629256304209","0.1489716348908742","0.23153493443731094","0.05787031580598926","0.046995871148207684","0.033500707563288622","0.026063867630142158","0.035593062348219615","0.0092701153604150075","0.01107270795640916","0.024614134697522383","0.075549219863962069","0.099089909357129705","0.0072447134998777137","0.016866578100241014","0.0067877865980825675","0.015403075917137809","0.034523729823220724","0.029676633611823142","0.026108640500889738","0.037085082597736255","0.17514891003468883","0.27708048955528297","0.038809401840382583","0.047951143028235783","0.035286004879466648","0.082462503548048433","0.024943876963685389","0.01775871408225467","0.013604456716607054","0.015692422632142596","0.045871408236657717","0.15239062339305945","0.024959517754533693","0.0045403509809070538","0.0056509531756571895","0.0041936324720701296","0.014005678487983661","0.0077282939475221326","0.014169473302582381","0.041067403161229699","0.13183364581611537","0.23402375941917752","0.040194504018631838","0.035617070127409861","0.011423224169303451","0.030935077143293816","0.027550355086874319","0.0092461909466095959","0.027921069255849033","0.023926541870578445","0.07454629146932365","0.13038082430326636","0.017028080186654606","0.012725960254668506","0.0026609847943916357","0.022862342838826152","0.065053676942965766","0.018350145472023637","0.057321750250231236","0.018181530176956569","0.14005061620503867","0.27186461900541947","0.054852395999562993","0.018042438851370933","0.04668246562221632","0.0506775630771703","0.043347197092906964","0.012123599703259678","0.027774300124971542","0.025220075106777023","0.065507811358360493","0.16600984490520107","0.02639163429061905","0.0036884343572090544","0.0028238923425211986","0.0051231294264254702","0.0025194215981692641","0.014550453297992948","0.012941853914460648","0.018162945800925163","0.13169591833845701","0.26901768605601112","0.043126657492944205","0.041896296687566857","0.032802218352402122","0.027379632268876894","0.039714108525029636","0.0074682782308223049","0.012111193102684695","0.023668949491111386","0.069839961956879526","0.10510673313156335","0.0068475432997866662","0.016157374199830512","0.0067434909452020264","0.013950954716935717","0.033994698235897881","0.032343204249839268","0.017980085466051884","0.042714457007732021","0.15713647359627672","0.28042304325683209","0.032914025344646221","0.046990599347749677","0.03288905965346417","0.075395076920284548","0.03433113609172684","0.021063534726105136","0.0094685939724910503","0.0145193197501274","0.043278217958312173","0.15399079248455122","0.023554894603995371","0.0033940596699985866","0.0057118017745077495","0.0046339987615847201","0.012651361462931197","0.0049770124836032029","0.018104993490908158","0.040113523072504299","0.1415949493462248","0.22857201053846996","0.029462040129427852","0.038851476508997992","0.01094258242122103","0.030649219180870262","0.024080483546449049","0.010920196174943867","0.021224257371820626","0.03109325239863138","0.057368149984014467","0.13208047131812808","0.026046616685950826","0.0077364269265437786","0.0071540192858857163","0.029222777757277801","0.059926775063869439","0.020979728088314203","0.03957037619491674","0.032079813073337925","0.16203932241361008","0.2368843091334463","0.038194080914467937","0.020334525949855763","0.011095663108169328","0.013404381399994515","0.020843408627380239","0.013728597323631714","0.021388120555399487","0.022973523076611675","0.0760676777317328","0.28463171008130528","0.027191522984881054","0.014473140252635609","0.0075773707837404934","0.0058202409460482146","0.0032728710180622896","0.0062612166941306809","0.019644910441921241","0.035517096512469488","0.12069562486975539","0.2228931770706235","0.040479529945383202","0.019600467536983936","0.021093948563879996","0.019159295912510487","0.02193198988550182","0.015107433924384661","0.020223837495035077","0.019053065970711072","0.13393830860437253","0.16916051723970976","0.034683326417578347","0.018531851483430933","0.022634414225222582","0.017880168444828402","0.017432973879856793","0.012704223680010228","0.03503083342699035","0.024421564011750153","0.1140390655205079","0.24336047060574054","0.023843933607040953","0.018485951411669841","0.019144719521445645","0.020998665079225501","0.035677951597993966","0.014896696360041936","0.020943757309859291","0.023110120419315219","0.10304140511139273","0.20505285037916579","0.021020121750075706","0.030007025344877997","0.010270447963134314","0.0016237694928856366","0.018210326104080389","0.014945315788690152","0.025977368407536231","0.021357932999158672","0.12803116210696885","0.20301633043643855","0.037726108191835715","0.02007792377907764","0.009131531997193491","0.01532839340680804","0.050802232918050458","0.015694297774871635","0.030290556091437","0.039573681849517074","0.076483531776513181","0.20207903231979241","0.045197948140782492","0.019879627834567547","0.0081084516444365016","0.033681671003117836","0.022079225007742117","0.011151115310497962","0.011696773705973855","0.044069031262086583","0.10393252827005103","0.0055549933092691921","0.00051726658345421631","0.98702335571073552","0.0056224628636327859","0.00065220569218140312","0.00025863329172710816","0.00014618403445445242","8.9959405818124572e-05","3.3734777181796714e-05","2.2489851454531143e-05","0.0","0.0","1.1244925727265571e-05","2.2489851454531143e-05","2.2489851454531143e-05","0.0","0.0","0.0","1.1244925727265571e-05","1.1244925727265571e-05","0.00049477673199968509","0.0011132476469992915","0.0019003924479078817","0.028427172238527365","0.58147510935690272","0.23373702616694217","0.010480270777811513","0.0082200407066311335","0.0067132206591775465","0.005734912120905441","0.0057461570466327072","0.0043517862564517763","0.0044080108850881039","0.0038457645987248256","0.0034297023468159993","0.0026762923230892058","0.0031598241293616255","0.0068481597679047332","0.086540948397035841","0.00069718539509046546","1.0"
"0.2288933223690689","0.031260326940995148","0.0289857772278495","0.046526401683804168","0.054462318926964168","0.043754206273675544","0.025916003683178618","0.017939065191270684","0.018126357133757601","0.072890828660243698","0.18560252003612468","0.026907022352772435","0.015584963307758696","0.013313617654333483","0.024432242601474325","0.023078320890040811","0.0044593001642352819","0.0176967152590813","0.03247233772362168","0.087698346654388637","0.26298039587662181","0.023100124023244836","0.016905023322127222","0.018367668558936758","0.014964205371186905","0.024042618913290383","0.017204254171798702","0.01849087362074521","0.025271853629550325","0.081653931521957171","0.22512736589873342","0.029217213896098604","0.01260610005170389","0.021803309864838905","0.021734365403825662","0.034249800682201889","0.014901825109774842","0.022727009325739633","0.021813219461486538","0.092838834474262832","0.21538363417006043","0.04137121447556287","0.025314494964511873","0.041852203218671877","0.062240573808124186","0.066404655412946156","0.012879658559094939","0.016039557863681431","0.022747673037403059","0.050322863149291602","0.11530476043716892","0.017376125824111237","0.013615530310193207","0.012777083154286316","0.028301935940482643","0.017956727790286672","0.034043042222436266","0.024656325794955389","0.043959372359421288","0.13745256298236652","0.27728326044017132","0.028561920559468018","0.033470359584723997","0.022417089497185089","0.031453315292625593","0.034760376228727526","0.0048027043799682891","0.013291049626844373","0.014655192903646285","0.069291407277632389","0.17930747954792361","0.019965687929086578","0.012565506449890117","0.0072917309148872395","0.0063139368113213062","0.0062208926088395166","0.017543120810043847","0.027606861820092837","0.051835034675974972","0.14136306678108598","0.18424108070158507","0.055975131924613696","0.029378293977872012","0.042084568200209241","0.075444356547293909","0.056543558356334352","0.015141907199560118","0.016074358393941498","0.021416378253614587","0.081191217122589643","0.15431928622286448","0.028805338296874247","0.013213400484134661","0.0059681212735383264","0.039004140302207536","0.016029613703140294","0.01114999894547589","0.01275769983819432","0.028857415251156062","0.11240413001743683","0.22874639595649329","0.033897697392196363","0.018062772793058887","0.016886403789012808","0.019470874486532303","0.02886635125262833","0.013643149821662356","0.01940372669233403","0.024558151275309369","0.088157687684820518","0.19330138947383479","0.032546354495445101","0.020321594134737178","0.023950512845131743","0.014328673963923025","0.037222958424728343","0.0058898384206415525","0.02556142883379324","0.042745446654578044","0.11243858508035161","0.19746676600912658","0.04605047001688041","0.023339695618454264","0.043571424265726251","0.067900569746397701","0.072804714579062804","0.0056110648053538971","0.024348219228487719","0.015239621542656666","0.045092154389861777","0.099439053659662144","0.019882230742139545","0.01215435742372477","0.018408843348938973","0.025460181983910684","0.017943937666697572","0.025293438171786951","0.02714005123818744","0.037792732947558659","0.17506046896051494","0.24711456514365293","0.041093889840956958","0.035174228967354039","0.021230759568548682","0.019478211593810069","0.046678201807094942","0.010964389186983036","0.014203169497389393","0.014038499958652507","0.055863373044522796","0.16050107653171447","0.020967079508805303","0.013488451795298752","0.0050227621976323446","0.0034001073613470277","0.010446776574448516","0.012829817960631379","0.022577662731890984","0.066193721227857688","0.1787332500406901","0.2119942814249601","0.048941696008932577","0.031879960364759263","0.04148581342213898","0.05970805244907864","0.070278138460030837","0.024107730294829013","0.01256382347092623","0.018562979506515358","0.064853763014618412","0.16168367254036775","0.027781434874132194","0.014041152340253301","0.015324006998679661","0.032145615399500914","0.018146890494949729","0.0054432084097754026","0.014264443858355354","0.031175364790419241","0.095617967045828686","0.25949734634734656","0.031926122815576385","0.015184393848411084","0.017926188798553948","0.02291103489375599","0.02363140687905026","0.011653145012422247","0.014854312451407625","0.023600015889648624","0.087894369923878946","0.19263400647411114","0.034316378724491517","0.02396216129000656","0.022328390102412169","0.0124538931798882","0.033597063115528285","0.012261974519092646","0.035140652563233031","0.0316486834624728","0.092578453324845891","0.22921812062298558","0.038097192436596171","0.028290806210143359","0.036030984820180405","0.093564441432486309","0.056290926085751584","0.0036423599396598772","0.024619515521880329","0.011725300701779713","0.051541460478818711","0.091901117680094249","0.01669212062251817","0.018324221290669809","0.017192105191789171","0.027763221167700535","0.011554744976248863","0.030045137097520692","0.02191344698986817","0.043433621316532153","0.14815915196154139","0.26812420766680317","0.041576084756304303","0.029519824367628737","0.019476604759251438","0.025954539310575713","0.042350332265036296","0.010694643615844891","0.011705778102263305","0.014425641428170337","0.068263755090495384","0.14535828907017312","0.020035655754313035","0.011937750298570138","0.0072294818033733733","0.0027947929290513397","0.0052767347539893284","0.020625096513552772","0.017396960757874076","0.06228689905319286","0.17496692230324884","0.24067733255840293","0.027160667663490963","0.016689832623977326","0.026391862465651714","0.01600809362637998","0.010718026159683831","0.022145858941443726","0.011680235624835378","0.020081653878860142","0.12614795846707005","0.22248267736136609","0.034976508278808251","0.0077739917677145699","0.016100425188142403","0.014762058842103461","0.017976106122152103","0.0091849009274861376","0.019219872480628154","0.024515144843496744","0.11530678682404528","0.27369755190540623","0.023833370489687977","0.0070321600551448548","0.014278525681191567","0.004420020235867482","0.0099843001381157131","0.0085722173271897528","0.0085576648786894177","0.022910171896909814","0.11939409040771215","0.29017919727301306","0.022125276715649744","0.013632320492049328","0.0071626908855286124","0.026746104038018772","0.011762371303650472","0.00560440287158672","0.017739954714835346","0.016421398672021536","0.095946203805405181","0.20430930303979208","0.034432360135272344","0.021446099794208279","0.019189205984772105","0.023619830243531426","0.037906403709443225","0.017760985988696625","0.023708956516004995","0.040135424915178013","0.060901286536639156","0.20559814479090988","0.020568665029269968","0.013748933346819876","0.023524135514464275","0.030281182241773185","0.021927227527033515","0.014483738433936067","0.019096652589617933","0.027667381598396434","0.13969407434133996","0.24889866367438965","0.025684501646724211","0.018166180164976915","0.017350338677531843","0.015054023361359534","0.023706309928282595","0.0061836826317797728","0.016105478057832016","0.020236203520629093","0.11251751163071869","0.22948025206253927","0.0187803926435611","0.018261460769222533","0.016633325543482402","0.0020869606789509555","0.019661083538603085","0.012382789985723014","0.026638320731295514","0.015349356664120947","0.1368231578714221","0.0016551052695631008","0.0","0.0","0.0","0.00024339783375927954","0.11729341608859681","0.87427284897164415","0.0040038943653401488","0.0011561397103565779","0.00053547523427041502","0.00025556772544724351","0.00014603870025556772","0.0001095290251916758","0.00017037848363149569","6.0849458439819885e-05","3.6509675063891931e-05","1.2169891687963977e-05","0.0","2.4339783375927954e-05","2.4339783375927954e-05","0.00036509675063891932","0.00057198490933430695","0.00086406230984544235","0.0010952902519167579","0.0017646342947547767","0.027589144456614336","0.49896555920652308","0.30860411342339056","0.013837166849215042","0.009711573566995254","0.0076670317634173054","0.0070098576122672512","0.0052208835341365466","0.00511135450894487","0.0041255932822197887","0.0036753072897651212","0.0033710599975660216","0.0033953997809419495","0.077242302543507363","0.019812583668005354","1.0"
"0.21579130934950388","0.028134360792612167","0.022691471626706258","0.021358552142159325","0.015002505815354065","0.0042934366441572886","0.019300115273311744","0.011748053027672727","0.02571966386283538","0.063907640515926442","0.18110923616268981","0.023676942863037186","0.029877379072732385","0.037264633320600371","0.039130698660843136","0.036659837985550177","0.027142030666668746","0.025295806422906148","0.022432902887535952","0.1494634163967862","0.16182253482952427","0.021976909408376363","0.016882189985253378","0.0080489560499167959","0.0059989802939757111","0.013851608206717696","0.010459375736750695","0.016161240771574797","0.0061202157939012252","0.079029873142442211","0.25350435790168252","0.045116655559356643","0.039733611355507105","0.037783265874408743","0.064136923658694223","0.048623101337162522","0.037155966685803857","0.01655078577704789","0.024670492517959317","0.092372949026686121","0.27299566873566644","0.029897467781307877","0.025729175849902048","0.015778110431722735","0.019926476229322341","0.0076711957452667845","0.0069731234540510835","0.015776521721952659","0.015965121249871404","0.044283155814161299","0.16327613900643403","0.024043680413104247","0.019444288917062555","0.021992165812314935","0.024506176173616234","0.053458645141372281","0.044050161353745197","0.024019693007926373","0.055233859877292006","0.11497916632574663","0.1938663734463616","0.02256848695920663","0.014885031872951451","0.013981371237437859","0.012327689669139389","0.018493387342087501","0.0087272811696910545","0.0081443972960973908","0.012865564671775626","0.049111078228900339","0.13247814769371624","0.034105341058605562","0.019206752791626102","0.016730364779997849","0.087146496975226917","0.10484801259551843","0.042598054001890845","0.046079360630050421","0.038493906191307249","0.12334289726716596","0.25574753222346047","0.011731848761912059","0.029350653640418622","0.024271974237042502","0.0029743718675604969","0.0085517938000038863","0.022623794660333828","0.0064662782717367371","0.023452714188071894","0.070132257178419491","0.16957805119589681","0.043304378758783589","0.0081394326849954894","0.02667115896896367","0.059360697872270191","0.027806037911118464","0.029642733909027368","0.026691698071185006","0.024465216685328115","0.12903736929337775","0.1689171219556084","0.019776068385562232","0.019661465001700396","0.0061322927962872134","0.0048076621575520711","0.011195918905148088","0.013730442851795508","0.013860422528786611","0.013191194881607688","0.067921460989363844","0.23479298176600991","0.048871368772637279","0.032700993068581131","0.035071424830498479","0.070657525010059466","0.0592262827667994","0.035216864645281475","0.02385984333337313","0.03098300161639116","0.089425657851326945","0.27902496341337141","0.033796804106249773","0.018662196852650428","0.033630725979420149","0.010005876819970031","0.0082195277358968893","0.010289236770044376","0.010791440713741664","0.016596031786115874","0.041006105960270968","0.16121535598994702","0.025268007575273109","0.019768826412445203","0.0098286761573094829","0.033661681498202783","0.049716813230632644","0.037801238769346684","0.026614758626451924","0.055798955386655753","0.11830276888697598","0.1860672313265625","0.036597818071910565","0.012435491573833583","0.015379896255091509","0.0064433511770683851","0.012532176647289804","0.01061318626140371","0.0076572362602045944","0.011159429614263708","0.047830628671715274","0.11677422087164235","0.02712896343680565","0.017498607440652073","0.028456215436968264","0.086458779732936558","0.12258333684819081","0.036669689620287431","0.054143151505586837","0.051505478532940768","0.11206510741971935","0.22344748989891533","0.021685847213821694","0.030934449370107125","0.023341045793006901","0.0029558360761592489","0.0063938530539713436","0.02001837024043095","0.014649977121438732","0.018962945176735923","0.061284728144323147","0.1801334338815162","0.034334053961366275","0.019372697920272866","0.029806920419230439","0.052401137324702821","0.033752393721384576","0.0195293896267262","0.022680666538784974","0.03102993668379626","0.15328482222903819","0.15883746032947296","0.020640358992585782","0.018014850947129499","0.0072210486120911311","0.0069512420547261514","0.0073892713813830798","0.013706848214267564","0.016722927570262711","0.011730551982139901","0.068891285792882534","0.22897651795094234","0.0453744642416124","0.029948712631757905","0.035342906800047626","0.078931886530579323","0.055731629072961621","0.033126945962222681","0.024190226313647041","0.027773304500184608","0.11049755431730157","0.27873293276462463","0.032375442667950872","0.020138895809757029","0.028906891949179263","0.020209734532246754","0.0051747744761263719","0.013365358513069386","0.013147480667882077","0.0132945163798432","0.04175581834851598","0.15702923346162195","0.026294520213848413","0.016520882071575566","0.019350390385369336","0.025628323798985088","0.050791086618567016","0.032208462106072609","0.029967746953875402","0.047683032553225653","0.12742446845114538","0.18683115710286399","0.034622301472718303","0.011707068759735102","0.011648135989527032","0.01471649993846212","0.0078528678124250746","0.009734320505198157","0.0065860041718460438","0.01249939848338792","0.05136770206367558","0.10989723970366078","0.023187380738827878","0.020811927074783947","0.025790270335775699","0.096028268404486139","0.12060728699327564","0.03465516176554867","0.043944825863301333","0.064983969406939582","0.1125282103188996","0.24019396021351791","0.022912107495906574","0.012075038908897492","0.01284532056855702","0.0062620782672096692","0.011258993738191064","0.015741527544063636","0.014917421616699221","0.013798837636664254","0.06754330617298554","0.26435192737662749","0.021401851913858589","0.018319818453919952","0.020574306700829974","0.030248176805697736","0.024473299893933011","0.024457295603858321","0.022048156725300659","0.015859311466326267","0.14071725601224791","0.17848152256271346","0.011833446430857656","0.01130132829032778","0.0013882185538583063","0.0045653146803178836","0.0078639981581191381","0.0053209048047283972","0.017481316365966448","0.016822854606058396","0.071602808832832876","0.34559276065927863","0.073813903321313296","0.040902991688764573","0.027405341062778209","0.027819208748382042","0.023566016287337278","0.013112688937017688","0.0069132264988611344","0.023528689559921587","0.090683454437256533","0.25335729103713217","0.013373537715206765","0.0261299675273109","0.010147050708671482","0.0083815213826928213","0.010057906870149715","0.010628040199261387","0.019443565604405577","0.0082996414646647528","0.056559221263413104","0.20033871527554739","0.023648637244164824","0.028355330899654786","0.016899441454604307","0.0096379374809134558","0.07847216924219988","0.017605536716654362","0.025666346279095798","0.053410222347865285","0.12958791376471518","0.20387266460534897","0.020616185020234747","0.030137585949481838","0.0086557515290601513","0.013508389598319718","0.010640812991144491","0.012724384056522393","0.026405495350775837","0.03619636816501029","0.055315237711696344","0.21655071272844861","0.04911139765679997","0.024419046297327607","0.024834603519599013","0.018269989710091281","0.037993708338294102","0.015249451974782372","0.029861522125808879","0.04531467087069032","0.12032201405552646","0.019598441714114474","0.0","0.0","1.997802417340925e-05","0.0005693736889421636","0.26633702926780539","0.70997902307461791","0.002017780441514334","0.0006592747977225053","0.00025971431425432024","0.00012985715712716012","0.00013984616921386474","8.9901108780341619e-05","6.9923084606932369e-05","4.9945060433523126e-05","2.9967036260113875e-05","2.9967036260113875e-05","9.9890120867046251e-06","0.0","9.9890120867046251e-06","0.00030965937468784336","0.0004994506043352313","0.00063929677354909601","0.00096893417241034866","0.0015782639096993307","0.040805114374188392","0.47483767855359105","0.32371391469383676","0.012356407951253621","0.009070022974727799","0.0075816601738088107","0.0066926380980920986","0.0053940665268204973","0.0047847367895315152","0.0036559784237338929","0.0033762860853061632","0.0027769453601038858","0.0035261212666067325","0.090700229747277997","0.0067325941464389171","1.0"
"0.23275804916441742","0.062831853492273243","0.028537744438096858","0.022948286619603145","0.047511338522272926","0.030626426668981806","0.015312449884072198","0.013472660006074591","0.015829947931952373","0.073842676889674497","0.20222020421940395","0.0090395922687649712","0.020594539986947432","0.011452315714708132","0.020708056796180426","0.025051170531553906","0.010374998051011297","0.025921190468058727","0.021350199131055961","0.10961629272418531","0.21572810775225043","0.026487199487726047","0.023845605335484795","0.028178420040454694","0.0089456421885364748","0.0058418582757442999","0.0072343192883350749","0.013967182353579766","0.031233773057708344","0.064392662424191005","0.22099275471984911","0.035321981739536441","0.013667169126812673","0.049560785355762353","0.059870306344603129","0.032601094753589299","0.032570052323572601","0.015822918245887781","0.028305308520630523","0.085432852050339139","0.23346248915624021","0.036399815578967556","0.034271593851853174","0.030501437306788389","0.028854007445259972","0.048407260594311247","0.012432872718391417","0.019573213584553342","0.023903187567153202","0.045157658817438009","0.19690714240544649","0.0058214377890620636","0.015437257705451738","0.018461495935172257","0.017660883882695488","0.017951955701626984","0.029142002641572157","0.015907150691826074","0.030254671862496866","0.13949245978641819","0.23666181586550408","0.045858886249948876","0.033655518010063973","0.016835890207121236","0.029565478446191288","0.010724752881291643","0.012225742714798118","0.0072240214077420647","0.016725248057655118","0.038457703640490629","0.13036507921388929","0.021359588024205838","0.013100837954056369","0.013634242077277625","0.036559083574556742","0.034690965280148811","0.024846368159300407","0.049338111240739099","0.076723484354434698","0.15144717727400084","0.23673797885125814","0.059157928442711137","0.030727722851140504","0.029527513842783425","0.043083831124382389","0.034852278684490298","0.021289495017849974","0.0087931659715145237","0.012714796971373616","0.073580200405514787","0.18177144399425241","0.013571936183110471","0.019092233362354553","0.0094117199573486281","0.037537025044737431","0.015585115879016611","0.0092077952518996881","0.01638512101379579","0.032049522846156232","0.11492316839605854","0.21715079762624623","0.026619699477278602","0.027293945347888916","0.028390173543662047","0.010173576508776084","0.0059446836540070647","0.0095028907608799579","0.0093440091253533218","0.023668362102108136","0.072238787497547183","0.20585358542041049","0.02955657426219364","0.018805336814448331","0.033034145678312754","0.063161924754798218","0.054192858608433661","0.028551017057210384","0.014670417590302054","0.020826506665817975","0.10102070083158468","0.21387448498175307","0.052026952704078255","0.027347141959582204","0.029440723928870843","0.031990000465567082","0.055379529441220286","0.014241840270385072","0.010940749483991694","0.02735824635091744","0.048816913282603978","0.17162010185721294","0.011677605657597309","0.026467160226529923","0.014233865439154307","0.011017730298520788","0.014185128926068198","0.024379570775737561","0.020809029078376333","0.036856737329759158","0.15733648337844228","0.21241220681570067","0.052333581700703166","0.019551880230902884","0.024211954313120745","0.015696311126261266","0.016410493113863948","0.0050865404851190461","0.0089737437609066009","0.014765680418527867","0.038748053221678382","0.10835973182631777","0.024147717609534276","0.012837696158332367","0.0097066539092022942","0.027603954398310999","0.0418268740805538","0.032706011297702786","0.037409822292067983","0.084679447805507707","0.21253164100066993","0.23210891704749009","0.058390749467858299","0.027547184856805355","0.031227826942411305","0.052840545242566157","0.034314979852305048","0.019750156854488325","0.0065390124559989646","0.013905158724072103","0.062790756190098745","0.18110093344291325","0.023020065360422084","0.018421395305068734","0.0084760993525603064","0.036432969901619823","0.015501046928027716","0.0090334323820143794","0.016068259319148855","0.037139697419026556","0.11539080723989165","0.23166972444330919","0.025324920163419733","0.027812554182028708","0.018776015955534572","0.016730074478509178","0.010442544857494613","0.0095092689525452384","0.0066945150059841297","0.023277314095493325","0.07920149686695209","0.19289991448060143","0.036656233299426529","0.014402421171652188","0.038880685242879867","0.06090627279523958","0.047513066034542625","0.024504595368579948","0.013269502349734022","0.025721060073269159","0.095807813484331789","0.22569862500696214","0.047096267024031829","0.030598353585437575","0.027068095899724538","0.034004314503901595","0.058323500121779892","0.015199890354157084","0.0090836720161336024","0.025194821775547202","0.045558917858292088","0.16951828578131781","0.017950549657170033","0.02357150771396636","0.0093736876964323687","0.013725976905540274","0.01159237665111945","0.021991593978195605","0.023731132012796474","0.038443320115055177","0.15227510734662542","0.20285520788143735","0.071604934818366897","0.014658208844140212","0.02794293888706869","0.013066315219019298","0.013461365100325947","0.010586299136868182","0.0082633593916100808","0.01367770508059849","0.038138614649276176","0.10311261647883005","0.023799477012478025","0.0093501531165391099","0.0090374366059561874","0.041160045168008121","0.021954580893992031","0.049951946461483071","0.031799874487712702","0.088896471685191672","0.20668244484192233","0.22263189930664198","0.037010111050669335","0.013713048019239863","0.01471298744691351","0.010833937572252622","0.01212708142906063","0.01800234495999388","0.022050069871379932","0.018532192714470409","0.12383394272876264","0.22826197619531782","0.01364209744505185","0.030513846908090139","0.015214592014290032","0.0082707579730677931","0.015596423440378121","0.02011241432354003","0.020035523321616702","0.020851501487063204","0.13405324435125099","0.21652406506810323","0.015012924938458905","0.016820263997576041","0.010720829042828232","0.00643165518986831","0.0069490374170213323","0.011289415380017199","0.021711572011181821","0.025910816875770008","0.08136828620958815","0.27452559639925755","0.053817166226636876","0.0087684562708558941","0.036561383097760247","0.060405552089610251","0.015460546326703331","0.008205699369730337","0.01397996039212151","0.024285868165269755","0.091250900162315643","0.22245114044672931","0.029665501897765414","0.031664307267050336","0.017999300333775801","0.017786603776377422","0.013640087543582584","0.025115297402956455","0.020322033194875112","0.024775478607454975","0.084806387842284822","0.24271471985649562","0.018668967828503798","0.023809977760744679","0.0091020420024526226","0.012858862628891547","0.018580462160479792","0.007278019325042513","0.026206119551365255","0.028218042852486139","0.12433664001184097","0.19362718181879374","0.033056198213863443","0.021895048165842829","0.013971818772981644","0.0097391413476576229","0.011943989952632164","0.01932588014236674","0.023384877930600498","0.019272956595104061","0.066895014803653133","0.21686364471278111","0.034758188181382869","0.028996245441867158","0.028955732092249227","0.015600716900340145","0.023378498363590738","0.012522754877586806","0.026936405152583675","0.047031279082822369","0.151844420034525","0.0080503920710106279","0.0","0.0","9.9510408788759307e-06","0.0004876010030649206","0.14988257771762925","0.83728057954862078","0.0024280539744457271","0.00073637702503681884","0.00042789475779166498","0.00025872706285077416","7.9608327031007446e-05","0.00011941249054651117","4.975520439437965e-05","3.9804163515503723e-05","2.9853122636627792e-05","6.9657286152131518e-05","9.9510408788759307e-06","2.9853122636627792e-05","9.9510408788759307e-06","0.00025872706285077416","0.00063686661624805956","0.00081598535206782626","0.00095529992437208935","0.0019305019305019305","0.16446085260518251","0.54793416391354532","0.14204115750507504","0.011065557457310035","0.0083489232973769055","0.0071448473510329182","0.0062791067945707118","0.0057218485053536598","0.0042789475779166503","0.0039903673924292478","0.0027663893643275089","0.0027862914460852605","0.0035326195120009554","0.082693149703458979","0.0023583966882935953","1.0"
"0.23964635069960316","0.047786893586724652","0.019896377870699342","0.026100557381090052","0.055884744986763206","0.03157424880498487","0.012436819624003384","0.019916572117541012","0.015637549750408673","0.079741182490638954","0.20695480873498817","0.019423595687678027","0.019651586917979372","0.0042259547447489306","0.013060249969249984","0.016452266252391903","0.0041184674900128478","0.017664645490734834","0.035371802420794761","0.11445531823765734","0.22050914656583373","0.025116110671817963","0.021758686511230318","0.015878171614489327","0.01557771092094868","0.0096532765216041424","0.0099835975623540161","0.011699074509524031","0.029787482257633779","0.064807484646562261","0.24520032321505927","0.033367362713929358","0.014640211203606803","0.011400260413380922","0.024005209219611461","0.046900701747302459","0.017452557872595618","0.029734883288934737","0.026846852377673369","0.12568088939131408","0.22163310301953365","0.042650392707855693","0.043074471115796389","0.021560154420491504","0.046945395012406368","0.054405295479822945","0.010937762829873653","0.015641938336682922","0.017522456220662532","0.047292510926359159","0.19309916421059689","0.020538865342505132","0.027758722945631285","0.0037203186420265736","0.011679437076075615","0.024208372789654965","0.018500899207927305","0.014424436291478021","0.043070837996432972","0.12133546001208034","0.23753959761735974","0.033988167440338363","0.027320542190933217","0.028057365963916388","0.021879225754113597","0.017079930385797561","0.0073399787133049815","0.0093377341317766368","0.019845512478231082","0.066992575475883137","0.16860172580262181","0.0064149608857471093","0.016186914732046979","0.0088993252540273786","0.032317840252407602","0.065870620081222353","0.021381050084119751","0.022825047713586257","0.019598954005810788","0.16852292543226607","0.23712717543076642","0.048078755110406338","0.022588942372455276","0.022961225480689816","0.063131015399389812","0.041089413762672403","0.01245556329824179","0.011379061304374053","0.014952989966974443","0.088960413917336639","0.19534442147008357","0.021621703082526016","0.013307295921888555","0.006225373409515276","0.0091150679503413552","0.01142531359583716","0.0092580306924158768","0.019830973483663507","0.025527247921508921","0.12562001055946262","0.17522135816201198","0.034695318656589313","0.01398160260775364","0.011165018238352828","0.016798426906318241","0.016604625140917584","0.0065341718809570331","0.010112545578470336","0.029363021089177682","0.054634741611272547","0.22422746732231688","0.044448943422469973","0.012747596085942645","0.0092706005933217133","0.029794560123124151","0.052329945464562252","0.014917799088310934","0.024351148920004756","0.034540922206393813","0.18426018108322062","0.21012396278657897","0.044586355950865741","0.046247842965683489","0.022435363702954968","0.048398048290847227","0.053222026906907909","0.0044133741854619005","0.0092152454913844196","0.019851205616745637","0.042336988138959947","0.18190835610461695","0.034179843783209055","0.02286359603729788","0.0045081078091824909","0.011304875487082854","0.012487983018925916","0.016632775137910498","0.024124127892876646","0.031527280657587142","0.15963263544904577","0.25849046113179319","0.03973622253070376","0.025686920986602545","0.014375302097932918","0.020658365560510396","0.010939792379992281","0.0017247054654898589","0.020668364678661313","0.014884728411612438","0.0577405975451038","0.16289222310358056","0.0091980257144066383","0.012192834400884135","0.0063850525567095435","0.033786798191102398","0.076640528816434433","0.020981251172457263","0.020296979521667913","0.037952590245382847","0.15476825082714771","0.25706252937768709","0.053956867440724504","0.0094700851299774746","0.034260314034020301","0.060525091939596966","0.038788010789166938","0.017311757258473177","0.0091081145662368305","0.0098507446133828721","0.078574752279355939","0.20847436512181058","0.022311985130615553","0.010872658130748773","0.0023426928564775108","0.0089411553069718933","0.016429826503850241","0.0065139970693900975","0.01379939965366034","0.034606834431652522","0.10679881263539683","0.20335716645971255","0.034485727201037077","0.014780039284555707","0.015068585941737263","0.013643383194568974","0.013062189737630965","0.0061501282131444148","0.011868236834828088","0.025868423592214692","0.068044591778780777","0.21464627243070347","0.03645977405157113","0.013706133507550705","0.010787923896350072","0.024927302129583141","0.058230278942944413","0.017771322191692956","0.02416796133448431","0.030910809584224215","0.16206374404352059","0.24073551717843605","0.036335647559254711","0.049782764761015973","0.011670462578834164","0.047930603320575818","0.058429840128122232","0.0011941370616721176","0.012486862529646084","0.013677331339653062","0.060933960682169955","0.16929517683837841","0.031393109251449787","0.021342526260990979","0.0053905161242511612","0.0080085461329072027","0.015746467121925165","0.013746460102269936","0.023777188753099497","0.01919733482900194","0.15892554296303607","0.22584958817702711","0.042944956273958911","0.02646787360002369","0.015114394637318751","0.015847544222403868","0.010293249048647422","0.0033097452860407881","0.014796859042678483","0.015877654359814405","0.068892001564393887","0.15535030030857833","0.0096257198481463566","0.0093021667066991911","0.0079719725267049305","0.022432263858721567","0.078506741966005905","0.027427978345840747","0.019020530787755559","0.03044348530799515","0.20052496961043034","0.22242925888345799","0.039490575329558089","0.015787892271123382","0.0099542091077217815","0.026418292757195452","0.011985204098296526","0.020408514299209698","0.021269066068579676","0.031067363302652327","0.05768209416375545","0.28266943966361524","0.029201505077458216","0.01507741852938578","0.011144564327605789","0.0056383203536221381","0.013365487907902814","0.0072324825908052764","0.014139294279314292","0.030364155592451331","0.13467485388654754","0.21501942307570196","0.03056728263937955","0.010852976874404074","0.010888840951430057","0.0071820064450140485","0.0090983451475746512","0.005550185539838352","0.0089349886211182606","0.014008985649949139","0.13084223391191566","0.31445653459189316","0.031104221301340503","0.018433143100668022","0.0068620800122184515","0.013544042766493935","0.011714081956583083","0.022319353797313052","0.014264900633795069","0.017680105492991611","0.10667625938241647","0.18495471079067344","0.048831880271074116","0.025582274781040845","0.027752288648654533","0.020839772792219928","0.021861113180221631","0.018075182074214987","0.028276758499394573","0.030596067935838359","0.0691108546318141","0.23684899117480249","0.028936074920793777","0.016824770377760694","0.023815863455324087","0.022045770225531579","0.017495850931694611","0.0096954435619987841","0.02302228302845093","0.0404316449051179","0.10500239635133451","0.19590669118037363","0.050806463046263996","0.021311305241113097","0.020964693883407038","0.01873199114869329","0.028936044786448768","0.027991328249445661","0.013244955189322567","0.041754223284261718","0.069290782942759796","0.22650523144407703","0.021902016702215452","0.016846182924974012","0.012844790024969945","0.013028403948106957","0.023239518110747922","0.014438346219915712","0.021671156456028799","0.039048156598677254","0.12153771023254149","0.002794545925536341","0.0014443720514008055","0.99372797136375413","0.0014600717476116838","0.00023549544316317478","0.00014129726589790488","9.4198177265269922e-05","3.1399392421756638e-05","2.354954431631748e-05","1.5699696210878319e-05","1.5699696210878319e-05","7.8498481054391596e-06","0.0","0.0","0.0","0.0","0.0","0.0","0.0","7.8498481054391596e-06","0.00040819210148283633","0.00069078663327864609","0.001177477215815874","0.042145834478102849","0.55076104277382232","0.28018462842743991","0.01093483841087675","0.0083129891436600697","0.0073474578266910532","0.006020833496871836","0.0058716863828684913","0.0051965994458007241","0.004521512508732956","0.0034696328626041086","0.0028494948622744148","0.0024805520013187745","0.0023157051911045523","0.0042467678250425857","0.060373181778932576","0.00069078663327864609","1.0"
"0.22351929829544251","0.036720553335500498","0.029504597704423107","0.012447635241500997","0.030045124190049215","0.0098787581728134819","0.0095517279959107197","0.021985674317485968","0.019048922479358188","0.070307976082727444","0.18608804904978951","0.029729744975892241","0.025810114588020929","0.0080366857413274873","0.020166842395067105","0.032871035937779465","0.02613590789154089","0.023164664589442899","0.035423370091999903","0.14956331050144162","0.17251766436469315","0.031341494719945275","0.0091168215304977557","0.01286021508799539","0.0031796153026050415","0.020158464248488578","0.014184320387699803","0.023015760645125144","0.016638437323710151","0.081699707125919785","0.22027774237232972","0.025504602507561411","0.02871067850737747","0.032294849977068961","0.039079161646983482","0.077849542001524108","0.015815755452383569","0.050567585515854808","0.029835401795172033","0.095352173884403729","0.26821532962376565","0.022585877672518451","0.041252083861417599","0.021519591972507534","0.025711856239429811","0.021823941374505804","0.0080933028088657436","0.008039049836913132","0.011443874747534511","0.063144511799611391","0.16500250370962852","0.013509566263482698","0.015992863900957274","0.0069412033855097265","0.023124195961168544","0.030630825670037016","0.035317191040067614","0.037500376822060325","0.038209616299647892","0.14194222975239557","0.1974390752448027","0.057962152236982437","0.017745951896069513","0.011771792677602921","0.011695098367381166","0.0085324426546070659","0.006127581990814257","0.005434279320025155","0.023897004783015697","0.05591755845778297","0.11415832813831567","0.015160607732962425","0.023273965386041685","0.024877040243580371","0.071879972177670157","0.1097843757936182","0.032567665627003785","0.020929510126547004","0.034255089478373239","0.15659050427528448","0.2667400253341819","0.035288469838010206","0.017006613762418802","0.029663556673143417","0.023488670917209232","0.0069102197813103823","0.0086369050671021956","0.004923147351723515","0.018625254594327244","0.078223791140923191","0.17936630104335466","0.038234372583589776","0.02143543977807592","0.019312699467294307","0.0027358182394977559","0.026784877789949309","0.029265704202737754","0.021416233244140853","0.031374929393261489","0.14056696423993328","0.18666253643801822","0.026546338804865784","0.015891290992420946","0.010784845800302341","0.0033224912543623462","0.0084690636217046346","0.015010724476318871","0.016331496542154905","0.017812211630950175","0.0843319153190034","0.20938595425172263","0.022739169917034431","0.019875352969541474","0.021589241275604049","0.03648638901326004","0.086548067712542365","0.034852325007268946","0.028162312700769566","0.04340752612648216","0.11179074089985691","0.251995335530314","0.022725019537600741","0.045851520296669633","0.029211782779727156","0.014265065765292797","0.010984393160030671","0.013115703801500067","0.011529009136786714","0.0076084816932592723","0.067738937774016975","0.16826615139020737","0.012871792555009708","0.008524402296827915","0.0095484548144952851","0.019539647726028845","0.028394311468020902","0.035441100083061207","0.015335058570484408","0.048026873088009243","0.17902695152268042","0.22022507990656154","0.049209879708026497","0.020641936657693642","0.0015612089186244178","0.010265101390882655","0.0032323095179396153","0.0041780074613430107","0.0098964427305970812","0.0091874534432450049","0.062523679225717624","0.10751776195667871","0.014501129607224767","0.012576660842374514","0.023883691203968403","0.094313046186440749","0.10278395821493802","0.041899119512820333","0.018132853312174728","0.025208510979623625","0.16826216668396848","0.25624223772685756","0.031848835025772619","0.017083445263499652","0.038936223132548929","0.015868855831297886","0.0055183011677649805","0.0037849128038837439","0.0076599270778653448","0.019429060740915806","0.074336877084302672","0.18308098072389661","0.041669521759851919","0.014352497617211538","0.022618094338497124","0.0007790395235555865","0.032702238189312879","0.021562828779189816","0.020922213447197656","0.031957690845674153","0.15964621349643746","0.19719543074199916","0.024714687056066966","0.0094245986351809297","0.010143287261847699","0.0042760597464305827","0.012817245424795254","0.0085566806743201228","0.016816708387269719","0.017003238113667687","0.085821964825388036","0.20583226336153718","0.022933034430412325","0.015299554500039","0.021179533983519058","0.039965562145925608","0.092797730814735899","0.022403431859802508","0.037350396692854247","0.038488872946600299","0.11697971323723606","0.27998379700793546","0.014517119240409958","0.046923704326407682","0.024467547973675948","0.0067445481790464595","0.023455510641533398","0.01154826523682465","0.0060816549028325263","0.012701421354100626","0.071615636770418489","0.1655545457868893","0.01179892030208232","0.0061995061268299931","0.011988796177712637","0.018219444180078211","0.025525530338870738","0.037876779686122533","0.011939373714568416","0.051508022226714488","0.16134986892692013","0.22417660000883416","0.043755217479822653","0.024078390917677998","0.0013532337570989139","0.0092902746335334751","0.0018509247350999754","0.0051830945881724544","0.0085885934417278039","0.007973305872877326","0.070964919665597259","0.10030951480894099","0.014729724657397992","0.016194974470115357","0.018953100600842449","0.087669542062285333","0.11568709215373922","0.038875633446504708","0.02145916001156898","0.024342140179600631","0.16456456006496833","0.17100310168922381","0.037676225469185656","0.020877217975592284","0.019277845365629577","0.014437955147727728","0.018719066405606926","0.011633704069050512","0.025417680796457849","0.033683024064027817","0.073702528983252261","0.23804190734058878","0.037645506119186468","0.019613612638899779","0.010915964417229791","0.017768500712486923","0.016127597921367122","0.016455696416811345","0.024573473774518788","0.030102233471704678","0.16232715033565159","0.13543745030817225","0.026148388817169514","0.020230537062417984","0.010562331178878372","0.0045045159657660337","0.019060982407696651","0.010048007129107507","0.023517201295738366","0.029969779553352643","0.083717336926269648","0.29361256663758567","0.044227423325965139","0.038071428352394077","0.030861924721107718","0.040722879304676884","0.030002342695106016","0.016789499903405787","0.010480931778550095","0.022078283535873294","0.10995618413352887","0.24488364956732095","0.040199777625446069","0.032512928734123973","0.010381272645894042","0.011890026882795118","0.012729034060231244","0.01693640213422001","0.016074986288735969","0.020261990027929729","0.063135954110049394","0.18688510171921438","0.013177135896214116","0.025911470277385662","0.016053811693398427","0.026520613264387167","0.02412001517641062","0.026046588428727886","0.044229490470914908","0.03986779071561744","0.12818195386540743","0.15579259253222683","0.047435395288425192","0.020691561204201382","0.017975695475803674","0.018017165582800782","0.034434008262181473","0.0082320058923854925","0.018986485003095872","0.02807557480744562","0.072710938158357843","0.1755779272661992","0.037460985518769967","0.03099097476476971","0.031787307917538525","0.042856312905878845","0.057322698339594344","0.019045303410785853","0.020509235531313268","0.044503613499742162","0.11759421087518571","0.016527380484977656","0.0012619888944977284","0.97736833249200739","0.0037018340905266701","0.00065436461196178512","0.0001589171200478621","0.0001121767906220203","5.6088395311010152e-05","3.7392263540673432e-05","9.3480658851683581e-06","1.8696131770336716e-05","1.8696131770336716e-05","1.8696131770336716e-05","0.0","1.8696131770336716e-05","0.0","0.0","1.8696131770336716e-05","9.3480658851683581e-06","9.3480658851683581e-06","0.00081328173200964724","0.0016919999252154728","0.14938209284499038","0.67564080991642828","0.024828462991007161","0.0093854581487090322","0.0077962869482304112","0.0066090825808140293","0.0055340550040196687","0.0049357787873688932","0.004683381008469348","0.0042627180436367717","0.0035335689045936395","0.0032250827303830836","0.0030755136762203898","0.0023370164712920895","0.0028231158973208441","0.011526165236412587","0.077243068409146146","0.00067306074373212185","1.0"
"0.21537917100528947","0.039806660160653651","0.010627658673375643","0.024821149333980594","0.025192503738563188","0.036575270651191989","0.0070299947611142527","0.020541787578756701","0.012612277497200845","0.059951670266684409","0.20139593439503964","0.034214606210328111","0.01493507010380849","0.01617672593068796","0.020764657708700507","0.033017887994490583","0.029658422164348608","0.019795101856974421","0.034421240497985638","0.1430822029951892","0.19882447306928597","0.021150036903970024","0.013917902514690515","0.01219694056803465","0.02099643202483599","0.010486014601249691","0.010603306785911428","0.0081893163464572174","0.035113262679854561","0.061065492327337982","0.24711752376229282","0.039490353312153774","0.019188172233439084","0.036996126304389781","0.027308953785171348","0.02637949920060903","0.042646357839034157","0.040007688320216207","0.030572658862540542","0.09774948286911557","0.28227153313507747","0.042740070133843268","0.020599350034244082","0.012174159784927028","0.036837683141607305","0.012247538546624566","0.0076441278184732628","0.012575228850928693","0.015049735931536608","0.045160635326158417","0.17514580014517434","0.0091277676587236903","0.014568483814935274","0.011158256988500866","0.0094994999374056512","0.025541051991676323","0.025991175233484053","0.022933866257034502","0.03497592169691123","0.18375810667944745","0.18235187089746185","0.025560315498139308","0.024096132471562181","0.002692040814486095","0.017766720148828435","0.019890059374895901","0.0031398744186530232","0.0098501366164875804","0.015081672183707281","0.048903367003985503","0.13330284738732001","0.019333722704861875","0.017683182651575254","0.01501693296281106","0.040883982975205235","0.13168328991337502","0.03711004659680045","0.034829859450640197","0.038121026527578698","0.18270291586114165","0.21183310493105081","0.040678302427718777","0.0090774552990796134","0.023873491320415805","0.020154545169894546","0.037326474966122715","0.0080252797229922596","0.012497534513147723","0.011895840048380792","0.073576653141325513","0.18403051202697179","0.047847997575922299","0.016284590541232193","0.014645462097111673","0.010162297324893224","0.02873693938411424","0.026051757315829215","0.022392749841828038","0.038995550921594228","0.16191345588910974","0.22371214294743502","0.01910830045300578","0.017376339201288747","0.018157239622751672","0.003419046535932157","0.0076123544597844319","0.0054748258015708488","0.012088846703246741","0.020233271648418625","0.079445322343463604","0.22896874495890929","0.01727167239922903","0.028560327718986922","0.026682984450107947","0.02596855392050728","0.045216710656121879","0.043373299679696026","0.0350272050668992","0.047972667326867592","0.094330138675145295","0.30946655370129578","0.023234002258302074","0.038140297839558898","0.010896874138975767","0.034501397938984442","0.011139872922101375","0.0037048239306983447","0.019209894933220992","0.010279369641676831","0.058672143146549768","0.16172861301054872","0.014023755354508434","0.0076754259529624629","0.014702606794426335","0.0028709953292936985","0.023374450023240883","0.020817146276823548","0.011036255198320742","0.028801460388640582","0.19572405461770387","0.17811153844312805","0.028830252595521015","0.013621845855492826","0.0060326810593906528","0.028084474059144066","0.0058434454977355464","0.0072923437243939309","0.0084383254713734143","0.010962409308614371","0.054383209122609653","0.127786852239925","0.011362831524210507","0.016167558515013298","0.011083586296292591","0.042444459612281313","0.13637534098015514","0.033690888234532236","0.039053330847047929","0.037046715612569087","0.20338790829658818","0.21807296750907013","0.035268768869137553","0.0047774242229801957","0.024461121430759122","0.020303054229122781","0.035853638390546554","0.0090379049827872537","0.0058010881231045849","0.014904486949043781","0.062652409835315087","0.20914828663529983","0.036031667149936462","0.02451216470985542","0.0022329134851420849","0.014391222113427226","0.030636253537807911","0.026768929886226884","0.020497363579351738","0.038277059179086755","0.1663712698021137","0.21768067356211285","0.021341379189081546","0.016209011197093878","0.016339001270957814","0.004889482631774726","0.0048903777211327408","0.0083128049800230783","0.011259782696486727","0.014677112497338201","0.070125229108053758","0.2372142893709703","0.025639057023922478","0.021539931443852613","0.026013800449294897","0.035244087192289081","0.046850188721424227","0.018587655620560171","0.050249586393103271","0.048740069331783591","0.10419647420568523","0.30756915398559975","0.035300522912219176","0.023478767535518866","0.0091714546804951263","0.03557197362926575","0.0085618090435338554","0.0058662696156279266","0.016427069798966073","0.012077462258324251","0.053887733390743292","0.16978391877984325","0.0077473463923167004","0.010711467847454109","0.011890472410219174","0.0015001230432745338","0.023471919764866678","0.017844147587095974","0.0095291396579697905","0.026970990421695495","0.21263825070241762","0.17858004154066065","0.025489056434291075","0.012996842112403937","0.0062859869729508175","0.015725796790660079","0.018684868348165806","0.0084217179491141957","0.0049928646319175258","0.0098972764445160177","0.044075377826498764","0.13725979473595298","0.013157407978083645","0.013555009574331497","0.010420448991531344","0.029109505854475089","0.14424583672723942","0.040790884495492431","0.035574719286193088","0.038763801425843243","0.21197275926593181","0.22003132170034764","0.031547823429668838","0.014654377448599362","0.01259734769890194","0.021282927140017446","0.037539975368794054","0.0061901715759308121","0.021177334337973294","0.014100908412194543","0.10271207073177628","0.21418998652246771","0.025076868882720649","0.030904509098504063","0.014225819153328365","0.018752637334154474","0.027550317233000197","0.011828244744417666","0.036639134581649427","0.024934511507491652","0.11406370587470835","0.19848365165808657","0.018375717348251212","0.010278281983239414","0.017738010487808199","0.012843246018552426","0.017099300873157208","0.01285397100699473","0.01006002048561871","0.023693838295205664","0.079899373129272297","0.3440721346196014","0.030395321227494852","0.023237144441575854","0.030411320478991963","0.031325406566277247","0.008131092987398553","0.021534592907290675","0.019112894811868793","0.021461391850108338","0.06899328391582002","0.24971629278503107","0.04314681320664264","0.012309993577229185","0.0075996893940233077","0.024158636742666488","0.020619287651335964","0.01368694907342274","0.015491056411246151","0.024715113665805408","0.054505759701937002","0.18464855013593484","0.014297424420626353","0.028696930774456963","0.015634102368399062","0.0039366079459436766","0.026417218943363331","0.044646170743409166","0.029638371516458633","0.046659793434538681","0.13947523094901187","0.1739295229600345","0.030491946372503551","0.022515241957134391","0.0074616216802725907","0.0071891596415580251","0.017585376649061377","0.015495704916457794","0.021034640271448656","0.029588656190018218","0.054397817659865379","0.18483735107369956","0.031898584417627295","0.024098455860900599","0.057332621318165203","0.0325352197205045","0.047383133899773666","0.034948595712668375","0.043238810053951686","0.043927451458261185","0.12011008123624504","0.012849457624129111","0.00097010318370226655","0.97987476849810384","0.0053267483905106274","0.00047623247199929446","0.00020283975659229209","7.0552958814710297e-05","7.9372078666549076e-05","1.7638239703677574e-05","8.8191198518387872e-06","1.7638239703677574e-05","0.0","5.291471911103272e-05","8.8191198518387872e-06","0.0","0.0","8.8191198518387872e-06","0.0","1.7638239703677574e-05","1.7638239703677574e-05","0.00085545462562836233","0.0017814622100714348","0.37251080342181853","0.47722021342270043","0.011914630919834201","0.0086603756945056887","0.0070641150013228682","0.0064026810124349588","0.0051680042331775288","0.0048681541582150101","0.0045683040832524913","0.0039333274539200989","0.0034394567422171268","0.0031219684275509306","0.0028485757121439279","0.0024605344386630216","0.0033777229032542553","0.075509304171443692","0.0041802628097715845","0.00011464855807390422","1.0"
"0.22210363518599846","0.053369257369381189","0.026240384133012752","0.013119336257881701","0.058771787797977447","0.067132631837222803","0.016761881415818122","0.011137035869172852","0.021978452617819711","0.059513333419398309","0.18980635793918146","0.027010080152794585","0.019986225990142801","0.0052220386780350951","0.02657546858299608","0.016933795111264624","0.0095679912018423723","0.023354697865488043","0.031063673616396798","0.10035192762823208","0.23393285599026467","0.040515851896834716","0.025666676949701178","0.032836371768502737","0.037898217217110675","0.025944406336876329","0.0069385625923762051","0.019363942924862317","0.027121502162948015","0.067212771452501194","0.17603147146111917","0.024464905246644821","0.013022934280838552","0.02489074350308108","0.024061850115265435","0.01966837495933263","0.038472987009495613","0.021109258137137425","0.026481859226057256","0.11436445078614875","0.20732699089726897","0.027023398908164405","0.037460622406571879","0.040085117141912908","0.03177088667198933","0.071888418954777142","0.028827102092994068","0.035787065941751316","0.024780966706361564","0.044496646550723253","0.18311471837566623","0.016700557345029125","0.017033903365272836","0.0088891750942866627","0.0065240821758219599","0.01505131173155301","0.032175411250063082","0.023273597095153375","0.039837584805956859","0.10795243676167235","0.23243076687313671","0.038553876387392237","0.034144538712761976","0.033659681161107791","0.018590039809439868","0.023581300786611668","0.022098961547077516","0.0069613704284787956","0.024049749156385729","0.068920675208533982","0.17229001917989442","0.028517451261513921","0.022716014736042463","0.022822927209455616","0.027627836586589551","0.022558062709721941","0.043360537101907015","0.033764854431117333","0.026382506279717749","0.09696882467720834","0.2343462185242618","0.067768426126189413","0.022417121160030692","0.023725192573401631","0.069358440107450195","0.06692217642371652","0.019565754908435574","0.011130436975006697","0.016827787916925907","0.050973455075393921","0.18687627933086384","0.030582490119112543","0.0083825002617664915","0.013699896184121454","0.023380367877693622","0.0087061830327292231","0.0088108812588132621","0.018582129524067209","0.037941895190061213","0.080002360905866515","0.22153482386607939","0.048775792592546621","0.037125620560115036","0.025689685198789523","0.035504567679168583","0.017640854275834363","0.020825662173635389","0.025317150018151671","0.027016972408375174","0.054822199329985201","0.17352138151137508","0.01242231601326498","0.017727984013162515","0.01261279576774023","0.029201435509380928","0.027655477056049645","0.03514575383936553","0.031674103098450479","0.02767388160084152","0.11811153817760252","0.20418781531906213","0.033441549806402682","0.031980597900894858","0.034794436418512056","0.049346832055232839","0.068947913823898227","0.023603482113171891","0.03118522691478276","0.027073115347874294","0.04667341139025067","0.16218050466296985","0.025689406667072329","0.017849656908427998","0.0085399789730926292","0.0080968879962760518","0.013255381239020441","0.020517506736782876","0.030644658399407686","0.037849820603127526","0.12414181184477791","0.23268866393384732","0.038847200246008982","0.029639607131001638","0.019327865002597977","0.035514521678462613","0.017334781505499774","0.019450453453212162","0.0065916589035649245","0.025573184915351065","0.05919315457319712","0.17114218474794274","0.02051976972543483","0.020444576838616318","0.024763175751275686","0.032402311940242276","0.026610656767471173","0.035878423982139099","0.042490327771450356","0.017940177753111068","0.12364729786755757","0.21975339326499704","0.053827379259003751","0.025984893531644807","0.027619692668271696","0.074406721519744159","0.060857485006073145","0.02694035803646359","0.010613474528743604","0.01347513885129005","0.0631328479974715","0.17249498842148978","0.026711863947536812","0.012200899973500618","0.011778947234449388","0.016812181838163919","0.01319682627432095","0.0091720627531589535","0.02014647914700364","0.036476589534062728","0.10439777002535501","0.21368739305127041","0.053486659103767438","0.032545953600771838","0.0260107807935177","0.033150079673971204","0.01616487204231392","0.023904613953370617","0.027310653883253752","0.019237793581619287","0.056517696072987698","0.16946138696005514","0.013669253087891988","0.019152339726741279","0.010818585767558501","0.035557232939616386","0.020158995966300226","0.026014685660070855","0.033144537899597523","0.036673791476209125","0.13333268961263015","0.22412786502252929","0.041503827624306391","0.020617318800898576","0.049865262436534406","0.039411460149310781","0.068295023127767862","0.029955926373470509","0.03114790830945946","0.029572360303720256","0.038727001188125533","0.16241983475953983","0.029506236708372859","0.0077740567729176601","0.011037420714806782","0.0093666046036109604","0.023205734459995974","0.015804698615571922","0.026535855434844713","0.029009869526912396","0.11211573039094463","0.22044300816611892","0.03433702995598692","0.036876373900901566","0.024509685275900184","0.024153840394819139","0.01945340935141221","0.016424892481249728","0.012303706961018976","0.017731466507984905","0.066101729728854627","0.16272783429852064","0.023744398271692849","0.020083553617130216","0.029208174105924068","0.027936975828404109","0.025722332686332287","0.039473156354330144","0.03327702482280856","0.025972413258632181","0.13951898861529641","0.22807146269791639","0.037385133857111195","0.013691385060133367","0.010983335840945494","0.017020317597867613","0.012777178115563306","0.0098251085870108539","0.010387111489066301","0.024949304678407072","0.081283397200274943","0.26765024684144351","0.033407143406010129","0.019854686666662097","0.017624109574484525","0.019242997872360369","0.012870698145891875","0.016718326918923797","0.017946630962596685","0.032272035283779664","0.11603938010920828","0.24293144892343688","0.024667753793998836","0.02192840826408116","0.018724640866134918","0.0061615146538942156","0.014296603114929248","0.014587907381268561","0.016760111536831934","0.023271122233703916","0.089028380445969682","0.26144382542751521","0.034056099764881047","0.01270440349221442","0.01437547839214027","0.0072613541934022866","0.018481003923468541","0.015527461888091948","0.017996141602267181","0.022919612289960513","0.12287672084636433","0.19241189478416551","0.029873093053763133","0.027541897774358698","0.032452265664820769","0.021808714224133424","0.023306068635567025","0.032374994497429026","0.022970159197308097","0.031899336902448477","0.08876000746064229","0.2225572230560986","0.01423723869787335","0.021327284179833594","0.0085382405784715943","0.0078476903831855727","0.022430217838789197","0.019031745977987","0.023936613406645043","0.029115083276429171","0.12758022211017273","0.22537776112897123","0.027316921598198058","0.015837353751176269","0.026055471888486371","0.013805891704240552","0.028824509531684753","0.026982875697913789","0.019926982098768146","0.024866691598061246","0.076593322644217116","0.22684795963239521","0.026457169109937586","0.036760550968596976","0.028908758391235106","0.010163695790086186","0.014902237809689663","0.024526012814519077","0.021753524845607497","0.028777562208828829","0.095314740907281051","0.0050917054475773339","9.1249201569486264e-06","0.0","0.0","9.1249201569486261e-05","0.0021078565562551326","0.965900173373483","0.0242449128570125","0.0012866137421297563","0.00049274568847522588","0.00027374760470845878","0.00016424856282507529","7.2999361255589011e-05","8.2124281412537643e-05","7.2999361255589011e-05","5.4749520941691762e-05","1.8249840313897253e-05","9.1249201569486264e-06","9.1249201569486264e-06","1.8249840313897253e-05","0.00024637284423761294","0.0004379961675335341","0.0006296194908294552","0.00064786933114335246","0.0012774888219728078","0.0025093530431608722","0.37119262706451317","0.48194178300939866","0.014919244456611004","0.010375034218450589","0.0079843051373300489","0.006670316634729446","0.0057851993795054292","0.0050278310064786934","0.0042704626334519576","0.0035313441007391185","0.0029473492106944065","0.0035678437813669132","0.072962861574961221","0.003075098092891687","1.0"
"0.22947541415075512","0.040797386248322583","0.028854688833124888","0.021344992223299993","0.020968363604041668","0.024130651608024755","0.013719932366777975","0.033186162583998355","0.026822385006868107","0.067524016986404881","0.20945767806466167","0.020399423500942562","0.013288596887936478","0.015750136359788596","0.0049918947163025687","0.022313366492462416","0.025403180987562755","0.027345838086771997","0.038476829393341454","0.11574905418612273","0.2086294932846616","0.019604073889735268","0.018395672309464123","0.016685278394012418","0.0054122857411370243","0.019731795442937825","0.014250759167452609","0.015043101755241007","0.013018549038521801","0.057228820282513054","0.2167280923763556","0.020173147502841337","0.017744583997908535","0.018907470630012406","0.039113553273451084","0.04911700390045276","0.057100564920186898","0.042561271995222687","0.056136346823711582","0.094418128426380671","0.26913839544961854","0.032703352323772576","0.018394967396784773","0.028867790839728426","0.017726252926424678","0.021468487903684139","0.0063359862137907386","0.015097562609958495","0.014213679631577065","0.055044206148683682","0.21330187457583083","0.019964744074992335","0.0079053392224384955","0.016442919585278454","0.02856837119443794","0.018455586414879811","0.022187629481978433","0.036550017625728799","0.033675235393511554","0.1239575954318724","0.20324003685028194","0.030304063547590375","0.016279422079015872","0.011698791563656889","0.01324368612206522","0.0058671474218756877","0.01127314050612877","0.019657929528626255","0.0194597432621227","0.049428193515556433","0.17726137910490725","0.027657773393031271","0.035069176132560484","0.019417867043741696","0.057400678740956154","0.055004220314086062","0.050648539810132474","0.052778278006529143","0.048493392064138566","0.095816534406966275","0.23075149896723052","0.039559176637352117","0.022436433442078952","0.029825993062468144","0.018723695969898417","0.022864655465045517","0.020486896104195931","0.021424555818235561","0.030889791969328097","0.058530624726671927","0.20318700760795591","0.021204936593454116","0.013676560023319516","0.016257604595351288","0.0052256641218145407","0.019382440598416508","0.024304043588125612","0.02291193965260141","0.046612761845571365","0.13174371229610227","0.17631236572839581","0.028509054326152004","0.023998565549724894","0.0084208315053225079","0.0046464113711157471","0.02334264829336859","0.01594932162323337","0.013999001586110069","0.015471492866281085","0.072162426591937071","0.19212684874097602","0.015699040503243212","0.013292283896234824","0.01184334970187481","0.051894791880151038","0.055618421811929331","0.062759121373029247","0.044134395169182598","0.051736885229811416","0.11808273635923575","0.26056083803616414","0.040290251537658611","0.017377924210309863","0.02827662441397916","0.035843713920807742","0.010265402573989373","0.005125874333976559","0.010417932292698268","0.020239436376731347","0.053022865157190957","0.19845005701217955","0.020060559577022997","0.0076330133430455504","0.012334102966537436","0.020532227864521274","0.030873151650286826","0.027505973039882985","0.035753760879075759","0.043539505624809342","0.12189677963238668","0.20277683548344727","0.030853264137386534","0.014932975685320322","0.015362931687951734","0.0063695945474516102","0.0083712812993636636","0.009515461442542018","0.020553504380221483","0.01859556235227643","0.062611947946522348","0.15314205255831334","0.01802318556148072","0.036858347736633316","0.01969605054812049","0.06814500952206487","0.055119562001231942","0.048979828972986902","0.06858193508501928","0.048212611003591137","0.093298052249163391","0.21402289564925275","0.049811315701211015","0.030543002704379877","0.027838860185993505","0.007630515268939651","0.030548637233058319","0.01532234714731876","0.025438890739550194","0.030678168230184096","0.071605071496876824","0.18792835878154518","0.019788597577699543","0.014940672625345014","0.014109794179899594","0.01359938799285457","0.018698944636180208","0.015410137547282562","0.026487655777366236","0.038991591859777484","0.14660514798904178","0.1827690190767432","0.028374530287957153","0.015389117845633085","0.0093816370890233217","0.00087479797260846097","0.02637174480169454","0.015479591228514502","0.0095190525579451433","0.014130009794064877","0.064704481166667868","0.19820634200151185","0.020728730078158994","0.0092185309855329217","0.0066928431001865071","0.051054553350863327","0.065564857545431454","0.064830185888563846","0.03843102938404773","0.056670530516849685","0.1216084095716559","0.27481650126838808","0.040124594640542584","0.019427447941669885","0.032655095209904055","0.02063668561015267","0.01247610949834092","0.0086581651898431974","0.008362355458965522","0.019035964776320032","0.051570408008181572","0.19584200148631908","0.021452411631043777","0.0064004068386464916","0.016343957251451866","0.031533898836293095","0.010487551204264933","0.039968649852956735","0.02837454271155488","0.041193904782784847","0.12063934224716251","0.2111140494458868","0.030592731734510312","0.016017987437058998","0.011233367552875443","0.0038624038966482191","0.011810578035614016","0.011321741851613205","0.01700871484869261","0.020120759095665301","0.054498960499995454","0.1570720164750099","0.016794187886794879","0.037879606390783492","0.015697417929868673","0.069757223355185694","0.054934152669035341","0.061281038131833866","0.06117341543428035","0.036140196425128585","0.10168944525149126","0.26468328211947317","0.031050201332609117","0.021414430375567971","0.0057296487449657414","0.0073349130120664791","0.0088083249537882595","0.016099123913767957","0.01950446332849352","0.023994050229483147","0.093463801733285862","0.29217422004955346","0.011867370198017769","0.014492068804148679","0.019149587685238802","0.0071937395888131365","0.009755512165089842","0.019150731274467859","0.0161138396563958","0.01506572906936531","0.10295495223674103","0.19389905504219782","0.022289116579339067","0.023303045034318935","0.0088231969050470548","0.0072622532165966796","0.010616641500793405","0.015951300084381753","0.018142528901799241","0.022296996575704296","0.065268884923450371","0.26412222857267226","0.041181079748801017","0.024783184906769683","0.021636695327073002","0.010461527834734601","0.017196310865025089","0.030228587907219922","0.031287757332739488","0.034031686126543968","0.13721791307093403","0.23506097268497467","0.025055113909478108","0.018990972915826052","0.020046821761327851","0.010661645729842937","0.009985525283559879","0.0073463920713416307","0.019683764429833481","0.022099771524818498","0.072071498759834207","0.25595100814714794","0.01878339576609225","0.0076625889025791613","0.018149878104745502","0.009853358585153054","0.019854031272426277","0.014122319590338561","0.026003425302119521","0.024148815771959389","0.16446869441321232","0.20819859273719971","0.01415781845129745","0.010927307927405089","0.014800192634588793","0.018553404368054451","0.014799119912057779","0.011941456918737325","0.021139985200787824","0.0097888772285178553","0.049809293063276749","0.27380176623738001","0.030226845595662036","0.025352095834277336","0.023934703099420883","0.033979149548220414","0.032403593447595955","0.025046876777344164","0.032151398908856849","0.035723088171563777","0.11326442577777396","0.0053472129543129139","0.0","0.0","0.0","0.0","3.5588771742515236e-05","0.00079185017127096397","0.43716357489212154","0.55265803638951916","0.0020819431469371414","0.00080964455714222167","0.00040927087503892521","0.00017794385871257618","0.00013345789403443215","0.00014235508697006094","0.00013345789403443215","8.0074736420659282e-05","1.7794385871257618e-05","0.0","1.7794385871257618e-05","0.00016904666577694736","0.00058721473375150136","0.00049824280439521328","0.00060500911962275907","0.0010320743805329418","0.0016993638507051025","0.22462743004582053","0.41631745184394325","0.2261310556519418","0.011406201343476132","0.0086836603051737172","0.0078473241692246093","0.0060500911962275902","0.0050802971662440499","0.0043418301525868586","0.0037012322612215848","0.0030606343698563105","0.0033008585791182883","0.069994216824591837","0.0048667645357889583","1.0"
"0.2328557446575619","0.05503619501364828","0.021364923367002252","0.041602091905872801","0.043892468520012343","0.056246815051981001","0.024713836880466918","0.014552331670252265","0.015987894497598017","0.062035509773025896","0.19956015737287774","0.0095470089034586907","0.019579980045547788","0.011717487924305719","0.015602264200598745","0.034495495434024553","0.012794561367995005","0.018474002159799122","0.028988834590938119","0.080952389261491078","0.22161957421984255","0.026541918286061138","0.016432077747913786","0.024451086673506622","0.016282790037588851","0.029414961243957934","0.014046998403135429","0.010810184052228149","0.024985115558687258","0.053641675716542964","0.26809864600838695","0.017292501085535206","0.038892258720032311","0.035194845864201844","0.0239590207391806","0.017970550253835919","0.026654606147498865","0.021083226600334019","0.018337297131961722","0.094290659147774528","0.21672919518472283","0.040552319185041714","0.02216560571979409","0.056811391917192151","0.069727941253915876","0.032006898144172596","0.026487474209103912","0.015639994132750298","0.017635416242116096","0.054825494407317647","0.17714967015402297","0.015788199419002644","0.018700064271178804","0.019357069070302924","0.019304387518062203","0.024650474481634502","0.011726818727172135","0.023003777881403842","0.019676726405368505","0.11806107685067965","0.24000633855800016","0.054692799445506118","0.042959891255178233","0.010890946682383355","0.022276977590468473","0.018976394946004706","0.015189263093688727","0.019035417908607168","0.015317621824497587","0.064969161423365562","0.16656274727372694","0.011833501517911878","0.014882850429268407","0.0051894913395252786","0.011357581189550884","0.02406867055010074","0.030305716675089429","0.044790865345618089","0.045432223247312928","0.14126153381399498","0.19953641964567656","0.067363101684168758","0.030927153336993134","0.038912423287939639","0.035995038883971077","0.066840036951873752","0.018961370653675792","0.019103139718740104","0.02251856269204475","0.058324783908240717","0.18930041466266165","0.0098410153812882456","0.017017929429410616","0.018311976535563244","0.030709476163457049","0.015123523309047291","0.0091526854229366759","0.011884233995388063","0.033560768234513857","0.1066159399873359","0.21062632662258099","0.031237498340775497","0.020678465103924362","0.018257186189091092","0.015180485750416481","0.029556916768549334","0.01266882910704892","0.011889879935650752","0.022488780953121675","0.068024271052354091","0.23627561365016486","0.024456048206096127","0.03921944658569896","0.020214566149175352","0.032219266125975948","0.020908607047552302","0.019628188041387253","0.02707022304083493","0.019489297398190705","0.11991009782841308","0.21517718164872607","0.032155730742943707","0.041858127025499806","0.055060708782396647","0.080274515934545779","0.03516563480078827","0.010755610321081507","0.028084056619653346","0.0075173884741268054","0.056436463961862755","0.16370444739166493","0.015844524393749046","0.010635444927036664","0.014974518915901194","0.029254153572536107","0.021736079773297355","0.017045468563294339","0.0094936089946990182","0.025664305993819605","0.12916202516217457","0.22520106594073858","0.053904623028561256","0.037065343934481791","0.026782693680727221","0.014066786881129428","0.013673619801949892","0.014490356627803113","0.017817062381017261","0.020110114828187049","0.060292705223211625","0.13733446673175878","0.027438944876846068","0.014513787226895402","0.0015717410755524876","0.0045617232187492428","0.032380271001210888","0.026265390321057375","0.04107170250662065","0.070785426075809274","0.16067216971920192","0.22153808858925894","0.05420965762134216","0.037767697707421589","0.045709973086825062","0.046112098306691683","0.049447853070375844","0.019475718731122634","0.014293576420718421","0.029340452139394187","0.048680186486815047","0.19126220768498881","0.010807683726038532","0.024495183796374519","0.01030469234452039","0.028951434166906511","0.019438571012933725","0.006095530075465397","0.012483943720818411","0.045027435418528675","0.084558010061749164","0.20964075281361785","0.034236407041328867","0.021843188135174354","0.018452693420910493","0.013411537819730434","0.029960131361799456","0.013643739460586475","0.011689361550961461","0.024010380065979706","0.059140148566873975","0.23577547459112713","0.027320497606605858","0.03768867845124646","0.022410231392237644","0.039008183773416125","0.014108431601634972","0.022920693295140678","0.023566415645599772","0.012702956582746552","0.12847009083190614","0.22324261851908533","0.038957654377547779","0.032489531414132529","0.043003161832785422","0.079717846016760657","0.039774643583569261","0.019875727224473984","0.023991372469414372","0.0072342658777897299","0.059891758750665276","0.16150697936767611","0.01366872706199344","0.011824209894300074","0.013774839316018738","0.029964816840798741","0.01683196317681613","0.017522752876949772","0.017651424054806013","0.023766052033626701","0.1253096515299458","0.23862849611692058","0.0456512781921459","0.044834718244959895","0.017001763135533674","0.015275641856936887","0.013554680477330423","0.011397696681717296","0.019639126773829209","0.017563810654347325","0.058279516784187933","0.13602622454988514","0.022096394057942156","0.017433703445388284","0.0051100134263758314","0.0044051204831615171","0.040145561931889687","0.014651640871045578","0.043257023003131272","0.061102092870358976","0.17394549175434051","0.25367812071559193","0.021974491855880008","0.028783263673257065","0.018905953591270924","0.011563656659384405","0.02247878686351959","0.014607305156157359","0.012380290498541493","0.032626152080151294","0.11053543317336541","0.23874598637765831","0.026100073682936452","0.010805301847206284","0.0045836708176841424","0.010509256252117849","0.014561139855271492","0.0053998493148319044","0.0091524069603440873","0.03693307674648056","0.11567577350879307","0.234725591143711","0.023987498851152506","0.014946253874170305","0.011360102117037653","0.014529886822483001","0.017668620564056083","0.015289309606274412","0.017054972907410513","0.025334900182028264","0.059800574634329362","0.3514321452057001","0.016719252080783949","0.018034955850168871","0.031370364738178363","0.029658149767320591","0.0071603164715052497","0.013712771009220061","0.013430048750174992","0.022152520081331568","0.061631759487523981","0.17418015430945294","0.038714179859892499","0.024194823147313388","0.021809706180738686","0.024960559388123263","0.029130840951286697","0.029999646246080303","0.026364020838282789","0.037183987696206476","0.061661712662411092","0.23048631320323967","0.02453327461637423","0.0343475436632786","0.012254037134215919","0.0059131426097185063","0.0190947966160297","0.023730985875276254","0.019191670546029608","0.027072177375262362","0.13517641959117216","0.21788618302151982","0.031743151120286542","0.01628109610736974","0.026538950902176773","0.024469729562918565","0.0064300736970505376","0.025010541854470977","0.037516696043879826","0.024957190382614829","0.091523865188750816","0.22686012670284053","0.033782816679785201","0.020915555674883794","0.00075342956291412461","0.010286299491667129","0.013328884274014794","0.013331682692238524","0.019308113546198546","0.04214560141518927","0.11693000372371819","0.0050874154950935795","0.0","0.0","0.00021523680940780526","0.15739680862512595","0.83391545106786813","0.0019273477933335289","0.00065549391956013425","0.0002641542660913974","0.00017610284406093158","0.00012718538737733947","0.00010761840470390263","2.9350474010155263e-05","2.9350474010155263e-05","2.9350474010155263e-05","2.9350474010155263e-05","0.0","0.0","0.0","9.7834913367184215e-06","0.00031307172277498949","0.00047939107549920267","0.00075332883292731842","0.0011838024517429289","0.0021621515854147711","0.32304110044710554","0.48380343009206267","0.054562531184878638","0.010429201764941836","0.0080518133701192613","0.007014763288427108","0.0056157240272763738","0.004970013599052958","0.0041677673094420477","0.0035905413205756607","0.003062232788392866","0.0028665629616584976","0.0040699323960748631","0.079001692544001259","0.00086094723763122105","1.0"
"0.25082599888229751","0.029649766924634714","0.04082825668597561","0.015169604420336588","0.06520259283448622","0.024251970673140052","0.013937420409308772","0.016451170022223238","0.018269243572560954","0.061526585075401964","0.21239917502475289","0.018777283422252527","0.021142394553084816","0.013836865402574807","0.01498461338381157","0.0197974192005918","0.006463264989940389","0.010122348302047692","0.023560607120534233","0.12280341272656103","0.20053688343140083","0.033431393519048641","0.025040962222208092","0.018111136373565356","0.011917708461741875","0.016370331221588808","0.0099847476449440552","0.01161747052473348","0.03007273843611305","0.077013298096464511","0.21639070294193119","0.023525310921709505","0.035588594987872611","0.021291619158285452","0.02221333065239537","0.030960746178903625","0.032197450472716306","0.013088849364739882","0.037460295669462164","0.13318642426881197","0.20005202103699951","0.03347931811816772","0.03992258258624419","0.019336007616796592","0.082484745048178487","0.050621704840192773","0.03384667242270499","0.013340198286684894","0.024344142040192994","0.04858492480560378","0.13977876625735569","0.014866291014141478","0.0261592188033892","0.015799887223134322","0.01253921213913589","0.019650136930243197","0.017513796374223362","0.025775037314123318","0.03518621819311378","0.14671911371095098","0.26018972354965791","0.054710962124193796","0.011584413105480446","0.019230428761308937","0.030756298240902934","0.017598285359670937","0.014519782400495514","0.007512722262184756","0.02039215781857549","0.04954390131741164","0.14663729460104222","0.019258569464302624","0.019298476799126305","0.010637300579808001","0.012053213784463133","0.055717020726988996","0.021762298709598633","0.032547283451358856","0.021937435450488211","0.17411242624940515","0.26162032949551434","0.024651591902344602","0.038711274172637783","0.028126817142075478","0.057351916852020304","0.038091993008832627","0.01191191162743482","0.012693047620742024","0.02160318575292601","0.076142836535963751","0.18331562201079293","0.018818151195629577","0.014900116713729584","0.01350160350590277","0.021821932400365115","0.013014502762020711","0.0094574832565545702","0.0039699586543797266","0.022178299322828866","0.1281174203544003","0.19708624510186021","0.041281788735604751","0.011491542064846403","0.022242138305719479","0.020062053434159732","0.0072567919233543403","0.0047149667656723095","0.0065113131442812609","0.034112729351222039","0.047445385948862578","0.22346164894926354","0.035268440326704238","0.016193824816312267","0.023554610096487329","0.018867297286367948","0.041203268098818038","0.011220127596384027","0.018247532494077099","0.047655568305126766","0.17212272206160872","0.18537564657978306","0.04240010027394079","0.034602361949281027","0.028366748820770529","0.073270895939698044","0.083846788013636556","0.012483399513836689","0.023567386050009475","0.012317970264998699","0.056262673825201656","0.12536902592279722","0.015465585872801892","0.016014089711475946","0.022367588505967574","0.010830414829850497","0.017175386205897456","0.019690336758808848","0.02507270271435218","0.021378842121858348","0.1741420516692847","0.2649777352329955","0.037814211415422842","0.016048790309791731","0.0084481679572461291","0.042427269357644175","0.0085109367094577133","0.0049220113662089646","0.0093797956509681923","0.013316587802461751","0.057352351860751459","0.14294269725602629","0.0093331011931027663","0.011883420214149305","0.015048706803992161","0.0053000944097586029","0.061970280099503228","0.026340874088175224","0.028891662503199734","0.022549679576155768","0.21254162172693836","0.27383330336281136","0.028028025378290664","0.035765415148949715","0.024913968301677476","0.076463722378811577","0.026175659809408357","0.011536353801238334","0.011691699139683796","0.023368592446873421","0.060416704246883765","0.1983984407209492","0.01669758320210725","0.020761810968544056","0.011096356278281797","0.023033035183118541","0.0082149610808220416","0.0067843665855412422","0.0093079293988484243","0.020190432237602817","0.11332163480515133","0.21190000034214787","0.04361805694762684","0.012247462173819394","0.024971831722862978","0.0178563183021672","0.0054953626683417996","0.0043200090182310257","0.0071627242158293714","0.032208532970809459","0.060475669647338109","0.21386609658818764","0.024928709079656372","0.020446506788348112","0.026469396319577759","0.015261217386272395","0.043654883551977254","0.012078590636299296","0.011258484568654996","0.048825224847320638","0.16295491714787799","0.20846199502538248","0.036315649307492294","0.027383510377503587","0.022223417915273047","0.10529243140486044","0.065070182862406192","0.0091183418316953969","0.02322009047818089","0.011436260088188283","0.053594783671051416","0.12653317587704696","0.017520445819488206","0.013010707865501349","0.022577834656114949","0.01122764521869123","0.016241455326837267","0.013038435063598518","0.028290184827252946","0.023862027738430429","0.16558142028546996","0.25387724986755811","0.036543345163996203","0.019878539506707038","0.013304726051096671","0.027552967410043153","0.015520449701996206","0.0049984476436032337","0.0093535673621515433","0.013623952784280869","0.053349771739268526","0.14297359383070324","0.010478218989743798","0.011599832720987168","0.01438471920240811","0.013593653443075377","0.062261706669641488","0.019217203821065603","0.024494397266537009","0.029751529396487907","0.22324212311885736","0.20437864261002003","0.021213237269263052","0.031867158369498057","0.018578589415721727","0.035049950736398154","0.010843129869455818","0.016886751743083277","0.011405479334005982","0.03307424251729054","0.069997482397283053","0.27646042009741589","0.024028049905477064","0.015471582660745853","0.010410608017918576","0.0047034174151932701","0.016328565157872565","0.014999446770704491","0.013377892669098604","0.03674107892671221","0.1341842673891892","0.21811517175551973","0.020875898576810287","0.0049068511742417255","0.013983688129113365","0.010093362817066107","0.016499566644062783","0.010336034686728227","0.0099779932692702269","0.047773768019737567","0.11162168014711613","0.292837997481807","0.026864285271814371","0.025648317135207814","0.012121533406713769","0.016426606046192043","0.0088835024640022305","0.019936929380957077","0.016389695647269227","0.014170046907395656","0.1025370663843319","0.1999005960416427","0.03861179059667711","0.025863156023939824","0.013923560998843076","0.026408903710563387","0.035674261879322489","0.020016348897393243","0.028480403219093654","0.031665608430287033","0.079652030697677262","0.19171843816614895","0.034519852258751933","0.033862235286004121","0.010967560672541203","0.0090902883517481933","0.017104578007888789","0.015128876342762367","0.017746680719361713","0.048057332672894297","0.12160749022742555","0.20669417841857518","0.04548472833064348","0.034072591005766296","0.021095893218606592","0.022071716121715698","0.028728210409460386","0.029807201586515793","0.030018012059686322","0.024811831458178741","0.063220475539627494","0.19907558864795538","0.018380942604424692","0.024663963798113978","0.023004434305142044","0.020994222159258256","0.020759808408024872","0.020626049116287067","0.017947109170963562","0.036945338293389689","0.11159769844392312","0.0051688277204938711","0.00092932690180112408","0.98957383723503123","0.0033544275788821524","0.00052219321148825064","0.00016816391556401293","7.9656591582953493e-05","4.4253661990529713e-05","5.310439438863566e-05","2.655219719431783e-05","1.7701464796211887e-05","0.0","1.7701464796211887e-05","0.0","8.8507323981059433e-06","0.0","8.8507323981059433e-06","0.0","1.7701464796211887e-05","8.8507323981059433e-06","0.00057529760587688632","0.0011328937469575607","0.0024605036066734521","0.52853033588529452","0.32935345399831834","0.011178475018807806","0.0086737177501438247","0.0070009293269018011","0.0062663185378590081","0.0054343496924370493","0.0047882462273753151","0.0043634110722662297","0.0037704120015931318","0.0032836217196973048","0.0031508607337257157","0.0028676372969863254","0.0030269504801522327","0.014161171836969509","0.059653936363234059","0.00032747709872991992","1.0"
"0.25958962164180788","0.052670157165805524","0.025676945139581787","0.017477529052074559","0.028003064703110103","0.023835739669241955","0.042151305760422364","0.019155901813087503","0.017086589970805074","0.064330658624838846","0.21319003443706394","0.021702308696988342","0.02734308940645155","0.010505014663878131","0.019433643744505662","0.017366510148165874","0.0097200165637521159","0.02267577283059654","0.034808816610343379","0.07327727328910047","0.22087572622937993","0.017773823014679897","0.02063382425233453","0.021865695799616856","0.02333897844851824","0.013412554368607115","0.01382391436382557","0.020869471560940035","0.018688782604794511","0.060202748684537476","0.21107054562627595","0.035751999072799114","0.022600744358808971","0.010035288954952743","0.031859583364213774","0.024959512035447599","0.028174582254452633","0.045583722961848115","0.046230528543422966","0.11224796728649125","0.22423931718199377","0.043856281134330349","0.021459718084415273","0.034954553719641172","0.042397951099696962","0.044804115083103876","0.010840835709972508","0.039506013966701781","0.034117042061521663","0.046753635371756239","0.20604809782352565","0.029110968395820867","0.010812894376362672","0.0038558855448911369","0.0097704864333872637","0.01683999435519766","0.012642731936557948","0.021153478700913404","0.041994226597385283","0.10484176513177081","0.2310082985294698","0.035789334449773912","0.016921783795638946","0.017507034786782283","0.014612128613266325","0.019844421124365338","0.015174368340593035","0.030815123639444539","0.026135066790022948","0.058657169996313596","0.19768223092498405","0.020418991388631194","0.0124639073454277","0.021354684751648555","0.020228596134427738","0.045448393731790937","0.029492753054437919","0.024202933579311879","0.031126196522086157","0.13111657445559272","0.2603888191616815","0.048969937228081038","0.038508568149232432","0.025712922086419499","0.023075544916913902","0.035566466945080415","0.026476568669047341","0.021585789526649191","0.022392573925292293","0.064273062706480311","0.19185971713714345","0.03209240661139031","0.020880920990891526","0.007640287365901814","0.014281348952459956","0.013330553760463009","0.023347285279698853","0.018248875255791323","0.032996023696146071","0.078372321807560402","0.21248271870126167","0.034375035686430189","0.01152513274349753","0.019365230438104421","0.028419076838841827","0.017896043256816124","0.011258719102623145","0.025044854826349723","0.021494705122777971","0.053724566711178222","0.19824474845735457","0.025922319579329316","0.022550846183073136","0.0085033821648081414","0.03162640726152359","0.035126779179708224","0.021797613602063445","0.056328625641766203","0.040238734071081118","0.12407445462319992","0.21674465262746526","0.044846956624407026","0.018241110764004254","0.038316181050994033","0.039243354960358995","0.05519394683192505","0.020455378828013657","0.031614579250287371","0.023062053886177179","0.059392005243976434","0.18308666866567935","0.025981316721543496","0.015837138299761761","0.0059374758396756929","0.013179149639937356","0.0062064666008016644","0.013024511099255223","0.021544187197664131","0.048099012090470905","0.11999384706563186","0.2571575096247643","0.033147245798796514","0.018701799730390628","0.016603959900349106","0.020140105132354428","0.02289331901093471","0.011202558133249971","0.021375725348137149","0.025668409277142677","0.055888367006077806","0.1784004402289649","0.023821983035993883","0.013986860587220908","0.019012952685497429","0.023156229073595814","0.052469178581980962","0.03352125016133032","0.026628427941766359","0.025840375421507893","0.12038329604196396","0.24753697663300758","0.050028624122724359","0.034138770923472415","0.019159358908965814","0.026396122711137015","0.041737792299298804","0.022217208237932638","0.023066371712976375","0.029366781559256792","0.063316238499817226","0.18008486660515569","0.036420983213052441","0.017775455350860801","0.0067385057775578372","0.010247921629300752","0.02160315615078446","0.021146699659958197","0.017674991741609452","0.044434316240791985","0.086908852366341827","0.22536041953109559","0.031007169822181033","0.015994449862062179","0.012670257250275966","0.029101667509062654","0.022209047245862177","0.0080077959665698934","0.029575848120613774","0.018901669584734951","0.057834704239753155","0.18228482511660368","0.034331832036206225","0.020803758059071451","0.010237975883743745","0.029160957035056573","0.034351704885096528","0.029053857813598687","0.05665061266300693","0.045534627156128271","0.10692681462314012","0.22143405244370007","0.040252969414954987","0.024873402823498619","0.038368785262020248","0.049577186292618848","0.041325285424290384","0.033320349462338715","0.02529616436514176","0.025532911599283795","0.056736400042298941","0.17648939858266696","0.01990994585358519","0.022251724132386699","0.0089176174367009541","0.0081393619446438158","0.011433624477656081","0.0096269775116034559","0.01816874059443685","0.039868050945205659","0.12847704493869305","0.2218060363870191","0.039519331676860968","0.017096961741935198","0.023272099110309967","0.018533435367914488","0.023362749212218974","0.0096778943661329948","0.018004611846824087","0.035032216035404129","0.047278514890587243","0.17614161531399036","0.023079143086333749","0.011521510445335446","0.0080480387522186211","0.036243436078351121","0.05096411324558494","0.024233344972198156","0.04879727865207862","0.017955202287351563","0.14943245934459604","0.23612224348213121","0.029314820720369551","0.019360157966165061","0.012857463255313643","0.0065418765525595297","0.012511603644525202","0.010534093226184701","0.017024928249013131","0.030818467786221188","0.081881451197961155","0.29899880821659353","0.01580713809682651","0.021072061878078984","0.0076349196486692741","0.0083428065989982255","0.019882354477146657","0.0073452184978193384","0.02022739815588669","0.018818821761855564","0.12490336088950219","0.22323145990618651","0.020428150223662095","0.0059815653081460498","0.0098322447966411233","0.017574330296414399","0.008135655500236455","0.0056135229584772899","0.007901666418862403","0.022192752502200545","0.10711638782432088","0.2816228661635865","0.032534117965915002","0.014742662458401046","0.015394977266521582","0.011139379951191198","0.01499665456972814","0.014306058738560395","0.025070605012561059","0.029943897393805693","0.13224103827383399","0.2076352634467768","0.044562163607499497","0.018096148731795846","0.022056908029754164","0.022526786188373383","0.033767448518368201","0.011654591445971613","0.025240977967643574","0.038427276823759252","0.098176958075739951","0.23979410694013215","0.016725236645472541","0.020138929150742019","0.0073828053771066906","0.0036810570762190568","0.013068514246086401","0.01228225131635653","0.016611634534536446","0.013609110070511753","0.13456182366606817","0.21854443030768439","0.037856907439334439","0.02010263281989539","0.0087850285753986578","0.019176960494962932","0.026097920202703316","0.0064419810142691226","0.025697622705901594","0.034560841685800307","0.089380859108702942","0.26107139181545747","0.024944628808746951","0.01844732677334485","0.023686033455366764","0.007661410641947101","0.01293959705454429","0.015299739372838649","0.022957192404586792","0.020487130510523047","0.10586035563581569","0.0042009071281527725","0.0","0.0","0.0","8.3683408927346068e-06","8.3683408927346068e-06","0.00033473363570938426","0.092813268841319518","0.89674304172454766","0.0036569649701250228","0.00099583256623541824","0.0005272054762422802","0.00018410349964016135","0.00013389345428375371","0.00010042009071281527","0.00010878843160554989","8.3683408927346064e-05","4.1841704463673032e-05","1.6736681785469214e-05","4.1841704463673032e-05","0.00018410349964016135","0.00033473363570938426","0.00054394215802774936","0.00066946727141876852","0.0010209375889136221","0.0015063013606922292","0.21048887847495357","0.43433362901471156","0.2267485648295369","0.011631993840901102","0.0091717016184371288","0.0076654002577448994","0.0060084687609834476","0.0055482100118830445","0.0041758021054745685","0.0037239116972668999","0.0028536042444225009","0.0026276590403186664","0.013230346951413412","0.057532343637550422","1.0"
"0.17301550567491525","0.041758195673872719","0.050213500672765261","0.059241558085415917","0.075289276211456438","0.051270812180070617","0.033836950475229069","0.024302972117200797","0.014889166836177381","0.057073709375716743","0.2025577651134767","0.024052727172299716","0.015430974837345681","0.0092314445920061057","0.0094163120519091051","0.013516906998079723","0.011748867706570007","0.024423580713995894","0.024305693271859202","0.084424073110062586","0.22404751055941624","0.032204813860479138","0.019685779420468338","0.023745533383715361","0.022308758253120099","0.030728021532735923","0.0076201641939504334","0.023729749109351054","0.033560358546417937","0.073326486098514596","0.2362647094611566","0.031057173245563761","0.016599737236543014","0.017442848394880535","0.016000683183673519","0.019544441274202212","0.019677451947882903","0.037345866913576657","0.027707024965651798","0.087402881331832466","0.2003139300069893","0.02747552043661363","0.025073425504579444","0.048579245390600136","0.058133372822134335","0.046249976716759296","0.03889966411563555","0.015703776292440751","0.017606762342299468","0.063829018952205524","0.16613981645957926","0.010045502605965987","0.0197431883907449","0.014251648667062392","0.025603063039888269","0.030002614047964504","0.027428507902842122","0.021664907607579473","0.013219747737749679","0.13003630509714734","0.2775953706159387","0.046878737023020124","0.019022764505543351","0.020974687385597518","0.061251284769552085","0.038432388471760573","0.012201077543103156","0.010079500046089781","0.017308113711624305","0.035256114783698486","0.18644628776777947","0.0081067101039835106","0.011341758928090619","0.015577242828816458","0.018851200029041549","0.031920487058154964","0.018333269334852902","0.015805391906329892","0.035946819180375567","0.11867078773884164","0.16359718331686882","0.052956401437887261","0.050990657025336082","0.032019375059211638","0.11471751194917895","0.062014851913457326","0.014706474552801921","0.028278302385002299","0.0190528836960146","0.05948593370722096","0.19071854548272898","0.020504178051478087","0.015257754418684022","0.015043704337376137","0.0047106330237494448","0.0074896850104802558","0.010358661911143529","0.026479620251263439","0.02311236986908613","0.08850526616876099","0.19498289672483191","0.047242284311924843","0.028978346218476905","0.0197933926473263","0.022257642101605118","0.028644590727797802","0.012130228987924966","0.0204012330176046","0.025881058590417411","0.057085131365941955","0.239307664686078","0.020589638983412199","0.02415820105592123","0.016321762876580798","0.014515470724003866","0.021084007337091093","0.024953519891599614","0.021885420871548229","0.051067572540809826","0.10871992997019451","0.18330747164475866","0.034444555021019944","0.031234075347618278","0.04859928244040583","0.071113424989835902","0.053299156019010897","0.034848135153386965","0.0075978810596032181","0.022750618923577149","0.055573795003078609","0.15664484293518008","0.024603516389743348","0.015539000936303903","0.0059217402473551563","0.027309322397320944","0.021669720131616641","0.018663930679970291","0.021082416262087646","0.022439646201069214","0.14335746332790916","0.27680995208685805","0.033406033845456609","0.025770806251311437","0.01680951759857174","0.058443008646978094","0.035235092881454079","0.010873760179209517","0.013252998247864212","0.014423086153512696","0.036623785107846224","0.17578829852487307","0.0084465911447809943","0.016256264807765774","0.010731573644778565","0.011862103127152473","0.037411408354628972","0.029554966936422299","0.012155904377824255","0.026301450552425259","0.14984339156502308","0.17028937115918985","0.053623789474243858","0.044785286431941317","0.020561212188146327","0.11602986974100507","0.073976321083605134","0.014459316411769681","0.026541570753170544","0.016999267293450616","0.054426500067720859","0.19530969946562118","0.017756107965837344","0.01709863388663551","0.012855403068606254","0.0061846359690082339","0.0095847158647790025","0.0080767746426872542","0.013497465254468273","0.051249153292157332","0.076694899873082603","0.21208054909307961","0.043720413395579097","0.027633502300454107","0.024551963119871609","0.017667342786990503","0.032837807956970964","0.010183097618483877","0.017819530161391248","0.023905518331733842","0.054986906398810181","0.2421299680685334","0.015499024254845303","0.026299237390825125","0.012978640259546304","0.01498962229131956","0.023046869616666538","0.025898527671472497","0.030716485415832759","0.04156588664121838","0.10148910104526453","0.22868292153595507","0.03044277672760981","0.030236490372479545","0.050445606982659451","0.067286287128981576","0.065579297402753242","0.029667516118515792","0.0078974725751204643","0.0231028989937677","0.060130847277913763","0.15248206675880008","0.018945304106102387","0.011224659007339991","0.014052934885569275","0.025689742194060502","0.024195373287280362","0.017914549213209594","0.020883852890242513","0.036029904564990979","0.085109493366726838","0.27873648203937018","0.028731054687595615","0.027971175156604529","0.014732578066714935","0.052421529602134261","0.039069506894917123","0.0088433559504251941","0.014747144114674791","0.014878879934486161","0.036762437723055499","0.17300054513432875","0.0098783603679344061","0.013998641053198835","0.010615835229587719","0.016376310926036537","0.023241354081124394","0.029982333562823153","0.021325400965799171","0.031299389450587953","0.153387679186515","0.21995997631741715","0.029145320668114691","0.022754218617429576","0.023935087419458594","0.02725072767121892","0.024606346691790609","0.018972665016330419","0.010977940442701156","0.036901888816504295","0.073988702951700749","0.27506699963704756","0.017874243628040846","0.019629319063843392","0.0070798197623261668","0.015161865820269965","0.0073141154738102249","0.0095715605027266656","0.016824738672118245","0.027706576571498602","0.11527787852951595","0.20858191129035089","0.014422808407700983","0.019047511382856503","0.016899443342022452","0.014039744759318414","0.01893522698644403","0.013917877834529789","0.018774441495974854","0.033532646586036406","0.096058661788694932","0.32395520665323224","0.028784310159679371","0.014927244119499559","0.018285874104881212","0.011913002552908588","0.011600678343339435","0.0093610820065018543","0.017742790070846705","0.016613676692783783","0.092605853717690409","0.19358330728284567","0.039633782321245391","0.033152370329097611","0.014492104865954715","0.01710096167868019","0.02082249583034123","0.0082803358420075312","0.023712061061668135","0.032905972870419103","0.087634340536747943","0.20854429565270896","0.029180875092277306","0.029903568137825652","0.023689409923424037","0.027138820874877612","0.029605948100563908","0.018123003250392806","0.02678840454076923","0.024944230438165526","0.11076370184744275","0.27595956311343017","0.026080744584466214","0.02367389719106195","0.041025932202403151","0.040826448848240271","0.030697633687917118","0.012370414687599059","0.022848469275815693","0.01901496220625646","0.047935300739534357","0.22126776865838729","0.016144104838365425","0.010161129258312104","0.010888682792162789","0.027237460922394052","0.019162747996962531","0.0108971277539332","0.017442941623096685","0.020694286233818339","0.10567037729374251","0.0099072802197802193","0.0","0.0","8.5851648351648352e-06","0.00034340659340659343","0.12159168956043956","0.86402815934065935","0.0025154532967032969","0.00072115384615384619","0.00029189560439560439","0.00015453296703296703","0.00011160714285714285","8.5851648351648358e-05","7.7266483516483513e-05","4.2925824175824179e-05","3.4340659340659341e-05","2.5755494505494505e-05","8.5851648351648352e-06","8.5851648351648352e-06","4.2925824175824179e-05","0.00026614010989010987","0.00041208791208791209","0.00069539835164835167","0.00088427197802197802","0.0016826923076923078","0.1654532967032967","0.46152129120879121","0.23840144230769231","0.010448145604395604","0.0084134615384615381","0.0067651098901098904","0.0057692307692307696","0.004893543956043956","0.0045758928571428574","0.003648695054945055","0.0032795329670329671","0.0025841346153846153","0.0029447115384615384","0.067153159340659338","0.010207760989010989","1.0"
"0.26729441410501315","0.041013299383448339","0.017146270428237371","0.027864766281585188","0.026439331222192185","0.033979989495074296","0.011306146975521628","0.013053818992058618","0.026796615520536554","0.057805540838051825","0.23720314756567068","0.022250600661714828","0.0070123323111638183","0.0055585502766275757","0.0081631043717589578","0.02222920582610852","0.0078256363011229811","0.024957773135473912","0.024612694531741183","0.11748675391132217","0.21877916426157343","0.043852355759675297","0.025718279620413981","0.021070000627989968","0.010887480586149748","0.016146190625136295","0.021933406948309656","0.01758808489673087","0.022878928586361567","0.06900509315798152","0.17821890702792895","0.021771053784568235","0.031440943812187212","0.033412411477965025","0.031416498568716533","0.032551309874536104","0.037093918901318142","0.025088694751754008","0.02908765937565938","0.11205961169258724","0.2267733599757232","0.045231352060421164","0.023549726462086688","0.036137911063698513","0.018977642725263349","0.018227870447618904","0.021291591552535051","0.029983584699437009","0.016889110748855674","0.057031450245980962","0.16042832423674699","0.021487755040966262","0.010585531214634349","0.012334969428742565","0.009975544520625072","0.013659118626246487","0.042399586820458988","0.035725507071500164","0.051743928100474693","0.14756612743883915","0.20640439430817017","0.031019171940060864","0.028583116471819749","0.011235258837130212","0.0086300289141221249","0.014395056859161344","0.016487461524671225","0.021874169498411117","0.031982118207458249","0.072586885499159051","0.17181796257984447","0.01015215011477992","0.024670428929494562","0.0093676074853331678","0.048040526662639124","0.086451259670847311","0.03550071973127257","0.028024932411302803","0.026462342643880036","0.11631440168797351","0.2699787821569874","0.03006832256669556","0.021030335152462387","0.024606857977913042","0.021739459602789554","0.03514867932724771","0.019968055814219843","0.017096095142444655","0.022418458697898175","0.054300668835073972","0.22437142818194175","0.017658604122206416","0.0083356111967158465","0.0096479255747704482","0.0055850899828517554","0.017021706833566255","0.013656970799016326","0.023982435173400065","0.022746529405013316","0.14063797630949768","0.20160128516613482","0.053773614104797432","0.021181059703303508","0.017937737208297975","0.012203191318424724","0.017501406929936004","0.019727619736053817","0.0093551461247211067","0.038728651114063754","0.051960324950349766","0.16423621067844363","0.032172560846316971","0.024408119336960819","0.02678528111688059","0.037245899360964937","0.050723158122923093","0.035964654062009382","0.02659337670152101","0.040536088138365151","0.11736461023151475","0.22580699875243312","0.041891105983251811","0.035190737475745443","0.030309919511071502","0.032853136419987633","0.011571668267033939","0.027460400765716118","0.018344022230502886","0.018289575608646018","0.062658207615456193","0.14381772481174662","0.017749449420160122","0.011636500647613795","0.013005134846273334","0.0112501373023605","0.012290724270173312","0.042222305589350223","0.022978315854136313","0.062340074474699532","0.1583338529513339","0.2042051266912607","0.041365705379301884","0.024439226136311363","0.0064101313492099504","0.010345332053384929","0.0081824555331776582","0.016443641261455012","0.023863929983796092","0.032880888350673931","0.053744276984414106","0.17362870971113262","0.014502855007100589","0.01437924766506154","0.013308735544238474","0.060592076751806986","0.097699177646387123","0.019135032181666661","0.032122091151639207","0.033167109434834974","0.11958424583466132","0.26964575101384747","0.050973665455051595","0.014469757421192607","0.031244807281834527","0.023620269265250293","0.04124208118647392","0.018151879524872145","0.016698707684606851","0.019449707484596034","0.06772752353480678","0.2076985530396358","0.015890159483840777","0.0081901259534811945","0.0087151607422205814","0.0075992055966281067","0.020622839202182476","0.0082035398473913352","0.02471545102587842","0.024897439543207243","0.12024336894195861","0.2169604661630361","0.059955944259397514","0.023338532774364269","0.0091147077856592908","0.010105354079232602","0.017507193612048805","0.020578347444981895","0.006170081914266227","0.042187308389541475","0.055395675410320012","0.15764316435506631","0.026825671965086926","0.023669116076395106","0.032043865673161226","0.033944275227047398","0.054989064223167364","0.036388218615054611","0.032476377208268861","0.036781459471179299","0.10392517044513692","0.22554925688699121","0.052729189437121515","0.025982744598143669","0.033415211969075174","0.025118153837456855","0.020249340560918302","0.020919657292010618","0.019355334760914208","0.029675898340485899","0.047096867482600613","0.14682535355400814","0.01783992160640863","0.014779579969293067","0.015518976518432674","0.0037192437576300304","0.019854752637695417","0.029934043932238762","0.037571866680322467","0.05043974291618647","0.16342485611390187","0.2204267812792701","0.040674833706518101","0.01874661539420636","0.008890344384352749","0.0091704452229692049","0.0091964726718895603","0.014638400956514497","0.015800248181339082","0.033218004314678778","0.064700507132055024","0.16371405809554304","0.016722059129724975","0.011711430867787019","0.0089942892417831533","0.067722658166232089","0.095611343616926067","0.022787195503470439","0.036564553200208266","0.02208568514992083","0.11862406854715531","0.25651224747009183","0.016834043696095334","0.013340846143543238","0.014406883094221763","0.012487612525244024","0.017579774301487199","0.015097981618971055","0.013186110389106342","0.0097513471107481854","0.072254418126463951","0.32706391186710826","0.019870917640253668","0.011189862540461091","0.0025045637020595737","0.0050188492576554011","0.012191162192697834","0.0053512600386408562","0.015495809941959218","0.028325296590302352","0.13153709284436774","0.21756580853440435","0.032094479004725014","0.022911771873314783","0.018482657635089581","0.012172710251684208","0.0084201008039533343","0.02092432431293352","0.019971223836793131","0.019965403243843601","0.1098392676056891","0.24188947443303835","0.025083487210950092","0.020499245855487118","0.019363576106549565","0.0063308300078817308","0.0087440173559368978","0.015556853992022369","0.016321632232162719","0.035214800212059305","0.12864832857180716","0.19789414699840779","0.027534135481354652","0.019987418755321468","0.021151482142528134","0.0086105122945572907","0.010739416794056614","0.018597188293240623","0.027478110881263458","0.033118216420979611","0.062419894186253148","0.21610388021779353","0.030878707591526007","0.015565465179716645","0.0070515979504722024","0.00600341464216905","0.010883840921843134","0.029539096188128961","0.02597372823811421","0.053647776558731548","0.17682196290186111","0.19489131979919649","0.032693946802759617","0.023600887180046416","0.012798895965853716","0.0051309039652998505","0.012542671541372664","0.01080033295722161","0.030972858903198279","0.026279683861792039","0.10790217242540198","0.23242964736938063","0.026057521400984381","0.032322386150747943","0.010888806116136152","0.025007769520767754","0.017070628411776045","0.028473547419808305","0.023701625423145578","0.016054443216807397","0.13037994402987027","0.0052956984525670521","0.0","0.0","0.0","0.0","0.0001053870338819314","0.0049531905924507756","0.94859747422408791","0.038404791597140497","0.0012997734178771538","0.0005444996750566455","0.00030737884882229991","0.00011416928670542567","8.7822528234942821e-05","7.9040275411448546e-05","7.0258022587954257e-05","6.1475769764459981e-05","2.634675847048285e-05","2.634675847048285e-05","2.634675847048285e-05","0.00024590307905783993","0.00037763687141025416","0.00048302390529218558","0.00082553176540846253","0.0010363058331723254","0.0020638294135211567","0.32409147594540949","0.51747668311875361","0.027383064303655173","0.010547485641016634","0.0086505190311418692","0.0070697135229128979","0.0064549558252682982","0.0051200533960971666","0.0042154813552772556","0.0034338608539862645","0.0028717966732826304","0.0031264820051639646","0.060386770414346688","0.014139427045825796","1.0"
"0.24313196421555544","0.031567784325913124","0.027480779977742436","0.032395855211312954","0.052976165407237895","0.050988664177643375","0.019000485584036549","0.019572717283556119","0.020291774915211391","0.079012500069639766","0.17969603584590343","0.021420390666203847","0.014947731070742881","0.0046763084231949224","0.017329664597719067","0.026442378727163506","0.010264933718717981","0.010955057007803649","0.041529567349319403","0.096319232615231926","0.25350801893569708","0.032836023630474061","0.045187423320605644","0.026964698240441481","0.043421279050362076","0.028870624387017006","0.038483688184968806","0.0096225064115124017","0.012683581493457132","0.06439931282176431","0.12525393344727179","0.014185923436113749","0.01782453992515157","0.01836939034119062","0.020555151506821953","0.042742099212468299","0.029421284990087594","0.01982454973351332","0.037481752203160579","0.1183642146825173","0.21776797214120736","0.041371089504913153","0.035535422103316512","0.029970064948795002","0.043434650366162703","0.038604583056639802","0.018697434787648251","0.010723056364217748","0.013416724121690702","0.049954944111654569","0.19600944847701524","0.01509338946867023","0.023271658643584752","0.011940757996054823","0.0058731282488888887","0.033772690350404033","0.018072382118849477","0.029554366399547418","0.037601533391135505","0.12933469575067177","0.22457147153080242","0.042192788133170699","0.018730864454907414","0.012564725025719443","0.018729095816727118","0.03621245951560606","0.03232338584979131","0.018730161790528787","0.028095134890689637","0.060115544636132702","0.18768457797646237","0.02134415911586518","0.015110759534479828","0.01633341551534807","0.020349581604441471","0.041729400937522004","0.022401080125041498","0.020724461035261783","0.04770288256980626","0.11435404433353653","0.26230318100066119","0.035425320361541175","0.028860235520355854","0.045771410462531581","0.033944435496527134","0.058649962655996521","0.024850400453596811","0.016984424149056217","0.029889329925825405","0.067494737473655045","0.1704921121157599","0.017305810160250602","0.016254465778586937","0.0051962132072799145","0.014519781395498955","0.014790153773174167","0.013923243666613988","0.024986768874959566","0.026291545502460933","0.092066459915998947","0.24836078542761059","0.053734427675535545","0.03708125987436367","0.013521263263330268","0.054869415731291983","0.030630053144224789","0.026855570373844229","0.024489651388840017","0.015324186969919398","0.062689183153442268","0.10177468386984616","0.012774916921347175","0.015069665842086499","0.012483256371127394","0.022985610590322825","0.043632410396298164","0.038560817123349161","0.013075197410470606","0.047097187378764678","0.12499045383202588","0.19877032614571233","0.064206796387973747","0.019856691877339454","0.032134497723528298","0.059431042703348189","0.033414272451010904","0.021169766036582174","0.012622360237606833","0.014332121121544196","0.05457571362965305","0.15993985431248881","0.025509283791884475","0.016373129997461273","0.013218860269444363","0.015146412587470874","0.019244544010115584","0.022917281878657731","0.02518310983982457","0.049994429518057611","0.14195949848860426","0.22583878293480783","0.03535082294232917","0.018086624298885721","0.012072183876660732","0.021427655820957396","0.044399087322625388","0.028381784852873838","0.024297352038920562","0.02720168582019002","0.062080507675108643","0.16534654995133305","0.02115434242458189","0.0040327724246330228","0.02734295531195776","0.030329322572891757","0.034782565672973192","0.027578451842741967","0.025861170415271431","0.035140738387691273","0.12929463849018014","0.26424717422144828","0.030037928164144811","0.033432429263279675","0.036820431052463576","0.049273730918213306","0.054745318999234432","0.024414119155622652","0.017490138330646342","0.03153846133680871","0.061734046471013757","0.16843094352970533","0.01911430391683408","0.010483148713300553","0.0075652830413781708","0.015703700067277171","0.011485068158443763","0.013403905510189388","0.029350203059683076","0.031181165938478375","0.089548492398323937","0.25881774434250127","0.044967313007822945","0.038863203216651203","0.019300631397250325","0.05135624706776374","0.032154464451267559","0.026351103255120009","0.02102885429148129","0.019878401341178555","0.052720189203111105","0.10722495277275124","0.012870788038054998","0.012760423610258944","0.016994788955505755","0.01293024033054885","0.052707255111452765","0.031147934971868931","0.0172674414360122","0.040829689419050776","0.12982833072060831","0.20663074738615081","0.052575960862557315","0.026346558240762107","0.030900153169030605","0.042809452017461412","0.061766220954255872","0.01479272203547227","0.011708987440822591","0.016271083971931711","0.0429013803282959","0.16888737757747033","0.023965041123730751","0.014306681748598477","0.010116629879949707","0.010717260278237281","0.022411964675298993","0.019148718040176527","0.030103426517271895","0.040251977716724972","0.15338764926319251","0.21810897399020318","0.036390714954163232","0.017558126979848439","0.015397360927744651","0.02110138403391186","0.042003257722784688","0.029260398968414092","0.023659423272517154","0.024744925304299083","0.064033736688302784","0.16400540794205523","0.014422859475200308","0.0090305196691268935","0.024461319114675965","0.02672018869034928","0.040305089785184225","0.028170102361945872","0.018094151581656257","0.046010276050377601","0.13652177770502222","0.2580346164037603","0.01537213837188559","0.014346106214267233","0.020286412943304168","0.022310676944039036","0.025547363653290665","0.0096621846803139951","0.012130011692638464","0.030776866193651622","0.096075310090502505","0.25401769165877996","0.029963346782034321","0.0061111693733777684","0.0042620173307783412","0.018271615868911371","0.01689189154904425","0.0096940543680824592","0.015107273867850367","0.023005288473488646","0.11813395364881929","0.21737900000152954","0.040447077762194562","0.018946764767218377","0.017851479536675277","0.024759238936410671","0.02488647822919663","0.016264158704973847","0.023562726436714476","0.033958385682517363","0.071011692579795074","0.22814963735985824","0.018795992665430649","0.02775414373991416","0.016398647361142233","0.011761681704116648","0.01865608333443447","0.017394292741450188","0.025611249962920656","0.028204824146946406","0.11820643719093536","0.21640827481589459","0.035775276285617781","0.013902184536181153","0.0097518943346931418","0.0049632148944337698","0.025958443729259491","0.011961369798404571","0.008834963955068607","0.029484084844554205","0.089419105980161506","0.24879376492722172","0.025934651998230522","0.017722290502544192","0.016245740953141102","0.018514662734315103","0.026247903269596438","0.014785727023582145","0.018807857307452332","0.030618224192219282","0.1358703555027756","0.26315004555470251","0.027316559304343589","0.017653874920345793","0.0059042027132380197","0.0088079455485010651","0.026372802201432653","0.028112687721621177","0.016592376075657032","0.034193003275407412","0.093451468861034823","0.23466195186437583","0.025043931556186103","0.0083073235317972383","0.024461129868153807","0.016538345854716054","0.018425854348856574","0.012535559579716749","0.016812535118138568","0.038022793003205511","0.083635601752454575","0.0036014405762304922","0.0","0.0","0.0","3.6014405762304925e-05","0.00067226890756302523","0.25933973589435777","0.73154861944777916","0.0026650660264105641","0.00098439375750300115","0.00033613445378151261","0.00026410564225690276","0.00020408163265306123","0.00013205282112845138","9.6038415366146457e-05","2.4009603841536614e-05","7.202881152460985e-05","1.2004801920768307e-05","0.0","1.2004801920768307e-05","0.0002881152460984394","0.00055222088835534216","0.00072028811524609839","0.00092436974789915968","0.0014765906362545018","0.0024969987995198078","0.24026410564225689","0.53072028811524607","0.071104441776710686","0.010672268907563025","0.0083433373349339739","0.0075990396158463385","0.006194477791116447","0.0050180072028811525","0.0045858343337334935","0.0037815126050420168","0.0035294117647058825","0.0041536614645858345","0.084621848739495797","0.012953181272509004","1.0"
"0.2585521114778444","0.036849370908471596","0.041615237204645522","0.030050438376651514","0.021792489945805734","0.040345977816305043","0.015402717708064851","0.013352514825092449","0.026589242939435601","0.05172021479847292","0.19760537214007581","0.025651381289134061","0.019643643982084919","0.018876252695134772","0.029828079758109069","0.014403154817155962","0.018644804961779556","0.020806587494035422","0.036338814032280731","0.081931585204928395","0.2053234052869968","0.044483635040402661","0.038643251340390788","0.019007612154534292","0.012199203275688823","0.022147503345007973","0.020613621092782263","0.016458749075808236","0.014593528354836694","0.078692132606063572","0.21508058250813025","0.031988038647368024","0.010634430210208304","0.024233516777622487","0.042804731706177254","0.039890057072029965","0.021932374452728203","0.014275184999792813","0.03963481477503674","0.087363620227958988","0.21632497290110464","0.025499235832321551","0.041342813462739832","0.049393637276272134","0.034790822469180888","0.050732571667271818","0.012249337407987773","0.024133754111888416","0.012059507894498967","0.060330731634968583","0.18594434820265446","0.012678981495451729","0.019390563691797862","0.013867041159948114","0.021197740660211292","0.030199696210308664","0.01364028903268648","0.027374390861524871","0.029200396101436352","0.11964916151953409","0.23059128498824244","0.048899839089749694","0.03387726643269922","0.027785641464896656","0.030328324925148937","0.010424737120810974","0.0070259159482310039","0.01568373670263306","0.009898348932866426","0.043407539963561212","0.1170574472091985","0.013555420000102399","0.016274921678021404","0.03182582528383926","0.029966917446524168","0.047186416102941615","0.041657575931276669","0.037492353867153598","0.059787823084540351","0.14727266028199601","0.24796949810355781","0.0435894472052498","0.04937900158835911","0.034069773482149054","0.016566384521643367","0.038612366497222939","0.015326053592130901","0.018012003005364333","0.028091895580537339","0.061141563571029005","0.16647140203673716","0.030170452710816368","0.020857650443069101","0.014874514300007554","0.032820096538322713","0.01992889027062834","0.0065884019639119258","0.017042461534933752","0.039646985355984904","0.098841150782241136","0.18679158804300991","0.059750295865545935","0.030156588463984377","0.020990734731314596","0.016766223712444198","0.017153266061691631","0.016537690717620526","0.013143276451121042","0.019946725257538371","0.064814257911262718","0.20931812982621756","0.026639222659691975","0.032348699300287026","0.013981682636907333","0.031640785725667919","0.049789473472761629","0.0231309978751356","0.032199461704685788","0.029448580585761889","0.10545231253246175","0.22774731513233568","0.032703899020521621","0.043063405771503714","0.05639157899142639","0.045846151624997979","0.041012410300419432","0.014650986373461147","0.022060445687926901","0.013174267849741064","0.057534353411950227","0.16540931421938432","0.024407725397136273","0.012880624932721735","0.01479406486196623","0.024658872955666634","0.014052843239460669","0.022990685521263855","0.019764522183710633","0.030948056227349759","0.11590847050947936","0.22633718005641248","0.059754429777598879","0.038423766133150995","0.020643142747358838","0.030649176879793516","0.010720405675394154","0.012280014481188291","0.013032196259502381","0.0045469034071675997","0.041986205428962517","0.09752286123081351","0.019726677210388895","0.0089418384850323412","0.014699840281152766","0.042651458781238168","0.053056279837632662","0.03558474335109893","0.052098496717980489","0.054119665186079496","0.16322471533929669","0.25438789975774817","0.045364000168542064","0.040243887701842923","0.042349139493994818","0.017728746206942651","0.037671000185059957","0.012042847240001535","0.021203459058324443","0.027594753128149695","0.048249894874152821","0.17088980534396986","0.040179603685531744","0.01769159971709738","0.010134419290483743","0.046039808490200756","0.010770887065826039","0.0067813197776907808","0.021919856884024591","0.040377598628785968","0.088379466718971914","0.20357686877913936","0.058912993208657644","0.025497942587683106","0.022736449315296694","0.012490274969936049","0.023125009369647023","0.018641540720345112","0.0087114279320988121","0.018936078090186225","0.071573152780357294","0.20328809939824255","0.027095443785194635","0.029859279970893486","0.016469052027804892","0.048186230364625347","0.026872156917930344","0.02388427061099337","0.0216314106371918","0.04192680365971823","0.096585508512565171","0.24337987036522804","0.032266090477630537","0.040786096412782323","0.050454089995010359","0.046947013527903092","0.044314188717830695","0.024528103355825396","0.01335420676352737","0.012227091928272604","0.061159949113663986","0.16168775163863111","0.014461162917376131","0.020263336518265042","0.015452604975882607","0.012079967060127698","0.020620819802351944","0.0213237761772078","0.01976505152077641","0.037741624427138985","0.10718719867301155","0.22483491860531915","0.062490842570392745","0.032081528349936585","0.021004608503225136","0.025095228914584808","0.016867031839506108","0.013467556706626011","0.0093103543376262185","0.007587060682545871","0.035753630142523141","0.097738278586273653","0.020328811076044884","0.015729785361358155","0.018063688401007309","0.029596687298166155","0.057847436052907826","0.029652602512595053","0.058025475429357092","0.047031843685834337","0.17749262840129545","0.22179851739528059","0.022031730894447408","0.017646711685747489","0.027591149994673336","0.010480248116644187","0.029832726173176442","0.007377615393461638","0.023153953127086253","0.027791311122800894","0.071754244492328534","0.25094419579242555","0.024192942206400468","0.020985181111837024","0.016716092267671501","0.011050366659852222","0.014429096516488722","0.012359187301444587","0.024588041161476604","0.024430242616176857","0.1408464370612458","0.23028977568742301","0.028447532811440364","0.023897930915825726","0.0088201499643629153","0.0020831199407804124","0.02440745572991198","0.019737357892583976","0.018255117523540983","0.022954404106506624","0.093581487494307294","0.26271579209945883","0.024892646663406195","0.012521586974435259","0.025303955859189178","0.056886904332254323","0.0075600229797875233","0.013637958890450578","0.0060138885281566445","0.019353640476380923","0.098639264282423492","0.19139737876006474","0.033935448029422617","0.031289569377333848","0.010938650146263428","0.014367266960596333","0.016000911112308929","0.015853343483465551","0.015575228692097097","0.032459323344865502","0.073210169412318699","0.2481329727697236","0.019821685185923678","0.033952768200921794","0.018661733204113688","0.020337343051036159","0.018600683955759048","0.011262867261326569","0.026410327213425611","0.03131110865432498","0.13648121358811485","0.2133802151364724","0.033035863384571575","0.021243067477935026","0.015534351018114161","0.019540272229000035","0.013626971262093437","0.013779079547011666","0.020511962986460054","0.016135640082670134","0.099818053589660644","0.17899328093686279","0.044672881249839737","0.028466716383442645","0.025817663190277073","0.024198385805654175","0.022883315572179382","0.01743710266614466","0.024716298286223376","0.05169513034226151","0.11451374104996269","0.0023187667218753983","0.0","0.0","0.0","6.3702382469104342e-05","0.0014141928908141164","0.74484647725824948","0.24708880112116194","0.0021149190979742644","0.00082813097209835651","0.0005223595362466556","0.00030577143585170085","0.00011466428844438783","0.00014014524143202955","3.8221429481462606e-05","0.00011466428844438783","3.8221429481462606e-05","1.2740476493820869e-05","1.2740476493820869e-05","2.5480952987641739e-05","0.00031851191234552172","0.00066250477767868519","0.00080265001911071477","0.0010064976430118487","0.0015925595617276086","0.0030577143585170086","0.3567206013504905","0.45700089183335457","0.025544655370110841","0.010205121671550516","0.0083195311504650274","0.0071346668365396869","0.0057586953752070324","0.0046375334437507966","0.0042298381959485288","0.0037584405656771562","0.0032615619824181426","0.0037457000891833354","0.081615492419416485","0.020626831443495988","1.0"
"0.2158427082943547","0.058012674111407363","0.036661071212187271","0.021517834195760217","0.021591131475986521","0.025910430145992681","0.014178117290010889","0.013288567644759781","0.031947117050615023","0.074826283405761043","0.20294585448108829","0.036273636759034548","0.013553537070756469","0.023347095721115031","0.017656197987778226","0.018133265065368102","0.015513737672459602","0.01279758103654159","0.040079152605404837","0.10592399996071881","0.20725321877700514","0.019613485257046887","0.02858952784245675","0.019650161556745295","0.012576512562464849","0.020923979378134783","0.021323354958664668","0.027086593279705622","0.01743635029860156","0.066555023054134632","0.23726621942405379","0.024365199810068249","0.024997517148453007","0.027663429442785981","0.047442500459490354","0.027214697370895196","0.02084457195810941","0.021499887911644484","0.030424773084685983","0.097272991124520147","0.23042381781740792","0.02622660340090242","0.035862398080512482","0.048956520970152725","0.040589099147308259","0.021897295141260858","0.029151528525502922","0.0075962442223064383","0.010102675644029746","0.053249790721559512","0.1955250148524493","0.01744980668507012","0.020469758239734178","0.014224152341973512","0.010033234195996648","0.022954105536393134","0.016116853643630295","0.020032074048737927","0.051855436058708203","0.12728358305000465","0.21615487491088506","0.034229508128051617","0.016302882793604142","0.025114666928949304","0.023573097841640616","0.019613282328696129","0.014928097141814605","0.014975943166076948","0.018598239838371236","0.039367915550913526","0.18814768221163417","0.024658645963333517","0.020276030964431556","0.014362781699768744","0.020071459304929665","0.049260930412811266","0.0292407618051399","0.030816867904009254","0.019862895908920136","0.18044342869307903","0.20717672017539474","0.070330754069289278","0.028590912656944106","0.015908904746195638","0.034054215443330066","0.036153741412598063","0.010278410719543933","0.008319550169820146","0.039295765869960704","0.060479661212382185","0.20032313473198365","0.03374593177417174","0.016006590607301762","0.025948909741397318","0.014213466263489101","0.015352773108478939","0.008480790501054488","0.013711205057640986","0.03270141780195273","0.12892713752165813","0.19953061372427103","0.018433979392914905","0.041773920679589148","0.012419396027862092","0.011739331469545254","0.023895066389619631","0.018080565313966835","0.02347744138814253","0.013360210330873959","0.068801216268136872","0.22039805445550478","0.027956081492661513","0.024577940515116824","0.027465283650430675","0.036914695712893464","0.039801205091211073","0.017979828079123454","0.027787228250195081","0.026892054386848319","0.11871588208992073","0.2362924377156275","0.030330888033957695","0.040615050917219335","0.061543802922513151","0.050112541670889736","0.017517818798545956","0.021823166009614606","0.013534813814021909","0.014624225881056264","0.054825228757682767","0.17842795987028831","0.014031920815861408","0.017036892551829472","0.018665561220362503","0.0079146189638626321","0.013858401718278866","0.0211909992576244","0.011003044035025597","0.050777187429364337","0.12587343295336753","0.20453266480510335","0.035806821080895439","0.029518429564210771","0.017598076112373528","0.018591145786766065","0.025092658884029926","0.008447017794431395","0.020827175388862675","0.021828068558057152","0.033518601737646835","0.15369862214693197","0.031089551697577666","0.024137057069482971","0.021653168557136428","0.0089264137831693464","0.062527096027522988","0.031256739216692149","0.026297771170587347","0.029782603489635181","0.19487031179052841","0.22057734681023392","0.065623976746733897","0.02877735206567112","0.023706462264289772","0.044995827551267242","0.029708743086217241","0.012510818917572485","0.0099779713864893167","0.034220315063327698","0.058364168466408739","0.20332092911905647","0.025297631546742548","0.018698786367382012","0.021152238086181194","0.014233293455877438","0.015664880518305408","0.0070929251747883495","0.012896804485633377","0.040381115544985996","0.11279840708742424","0.2042641984226512","0.03189841546175054","0.029030808330245076","0.018849744114241573","0.015439315902857855","0.018841933766794369","0.018795950877580847","0.023838260563293544","0.015721264228497948","0.076898648187929367","0.2061207964621391","0.025787023407875243","0.021566562459653563","0.027634425642439522","0.043877364850546434","0.025389613529492358","0.033130674576789407","0.017763709698044753","0.033907736517365221","0.11124354774499148","0.23637746126017203","0.022015291556892882","0.036917459123219067","0.062348041304968044","0.055151872556867029","0.020115539044641861","0.024708569629663696","0.013225400841007241","0.0086100479629796795","0.047948914922169447","0.1823691119944339","0.014309821259444418","0.017355522728602347","0.015356304094966095","0.0043953031994747342","0.016722019860150976","0.010317947433286265","0.024572494139548297","0.069880038747805268","0.11730283197349413","0.21563445882713772","0.032869380434433187","0.022258699198751151","0.025910518370382211","0.0152281279043403","0.017995997544241457","0.0114071590561097","0.02224114337029006","0.019595331429552273","0.039636984357764887","0.14919854312454744","0.021119857104081968","0.028375433733842246","0.019724300633121149","0.0178169740188166","0.052771882879248388","0.035761030905293492","0.023312293712585759","0.031279694569000892","0.19786218375801007","0.22980455643226538","0.021019409602908802","0.014445593371240835","0.0056994455849060542","0.011353416521491296","0.017091423122977449","0.0073412901230395259","0.0067738582997814469","0.020137200979480276","0.093144835497996487","0.2798635809415233","0.032567151526126249","0.020368155639542709","0.018649260986521317","0.015673986452104931","0.016992219392697173","0.0085142258533854719","0.019544460614451264","0.028882659130909542","0.13213326292776556","0.21591291321691236","0.015964037372427617","0.018560319962621953","0.010094653011545994","0.005691592906783254","0.013793711432106261","0.018228100103082408","0.026817100894298868","0.024976953855749297","0.074872167994682604","0.29980299573757768","0.035760261615188728","0.023294586675867781","0.032714570785578316","0.021150500459516833","0.011889937828777153","0.014447762956225753","0.014190300515692766","0.022067677426952998","0.099769850653201458","0.20806520376497376","0.030621663033755998","0.024750698088482116","0.013744176052020515","0.012956525958324102","0.014736317499898075","0.0084724616081630413","0.024609491705219547","0.020815674031803712","0.072359147097777438","0.24101426181034802","0.030445766778127863","0.027522362870891819","0.012170860332493819","0.019106172553442734","0.028183415277195027","0.020906926523221764","0.017927628532712368","0.037128936634203351","0.13446230002001031","0.1732263085960134","0.042476829577843239","0.032990484190944448","0.016147662039982223","0.0039684191776321832","0.019179329042683269","0.0097244106396930548","0.014595718472145476","0.035174599242487711","0.084377727327293858","0.25290473021433318","0.020878682050813765","0.026231654092552507","0.013726618341451795","0.014655400609798305","0.01344204557890249","0.018367632504980438","0.034434102892370304","0.026378536894378454","0.14711909850677246","0.0044036423346768177","0.0","0.0","4.1465558706938018e-05","0.0017498465774327843","0.98751057371747031","0.0045612114577631823","0.0008458973976215356","0.00033172446965550414","0.00018244845831052726","0.00010781045263803884","9.9517340896651242e-05","8.2931117413876035e-05","4.1465558706938018e-05","0.0","8.2931117413876035e-06","8.2931117413876035e-06","8.2931117413876035e-06","8.2931117413876035e-06","8.2931117413876035e-06","0.0002322071287588529","0.00037319002836244214","0.00048100048100048102","0.00078784561543182238","0.0010863976381217761","0.002761606209882072","0.45234777993398684","0.40948068534275434","0.014280738418669453","0.010026372095337613","0.0080526115008873623","0.006717420510523959","0.0057388333250402218","0.005025625715280888","0.0040138660828315997","0.0032840722495894909","0.0029855202268995371","0.0029108822212270489","0.059992370337197926","0.0094209749382163175","1.0"
"0.21983781371985719","0.026247755028106251","0.048518327227866954","0.040307514533552316","0.034556063889862085","0.050359993283612015","0.027131544311480914","0.016538502657133181","0.020785749130963187","0.062289544592329632","0.16725816384356443","0.025655924496959467","0.013072555435529484","0.014333833193031355","0.015153228306670364","0.0073630990232942794","0.011264944743080336","0.024643005397570958","0.029241023959168007","0.14544140843137335","0.20186920657002275","0.037027964099364014","0.034346243793879606","0.014159103873331308","0.024161545967474992","0.031980910418694962","0.018953471475931051","0.013304341809087312","0.017938983448871633","0.066473650036002974","0.14633654538130644","0.018400397273758928","0.012945528067219854","0.010853251155475028","0.011510509771374191","0.046853192936016093","0.029134407983878948","0.036550818457343391","0.032045367250948052","0.19515455484569139","0.22791750201341338","0.074456857851414565","0.020156910742546767","0.020863724764540511","0.062529535227112354","0.036711237798453103","0.026497953771473171","0.024289166136635721","0.02535503974253344","0.047165440359905851","0.1687453596104776","0.020492075763925515","0.013101359939320364","0.0047319965456862493","0.0073961264836183713","0.021712119263966358","0.01861806331785253","0.02299386713242639","0.048745382474451968","0.10752027554920432","0.19926061555507663","0.025832102246995215","0.017721923470934368","0.025162216529467905","0.018964564237212822","0.034373861792124663","0.017901643321983466","0.024190294404777483","0.030087965154033645","0.04435089999616313","0.19394978334149993","0.022781379346398931","0.0084351141396487306","0.018770650488623589","0.016831128610230908","0.053176809429342893","0.037372188723495438","0.021653078991851888","0.042843995519805472","0.14633977881672258","0.25308700578372934","0.018164756590425393","0.048771294024595541","0.044850858854585146","0.031768972021387336","0.056815733420505443","0.0055745430969328363","0.029454807871210912","0.024084626495516667","0.059868493187131416","0.16748060487774122","0.020375844461717387","0.01049908358818686","0.0074934072072677825","0.0082759589467733419","0.0099377284544514711","0.0073884588255719412","0.012511342227525882","0.04797391437986781","0.13562256160841041","0.22116071160981854","0.045458822990511093","0.033292477796204187","0.013322623504550893","0.02890506302114404","0.021421023862768656","0.012166415696072696","0.019157851966674647","0.010007472729255231","0.077405538405637284","0.13628787997772587","0.013261216466545043","0.0067461059885390324","0.0044116180312569449","0.014937591590677658","0.058475408905018719","0.01630938674877478","0.034496827735454247","0.040921364594945782","0.19185459400632762","0.22890722247467143","0.065522719716578429","0.02194379134607009","0.031863469236250198","0.050803969634468073","0.046335374927860551","0.025531124848209269","0.026019414962240046","0.021976671168313699","0.045358421127277782","0.16513129885196176","0.019236629159635896","0.004856692126410273","0.0057130980640058039","0.0073713896592405796","0.018726060703745169","0.0067997466297779908","0.026975815020320527","0.028495119956438917","0.1524319657581841","0.19880643200575793","0.022948149828997788","0.022090917721163904","0.042394843113379654","0.013252975358859186","0.024045012064513028","0.011945996152376735","0.014156628524300312","0.024992471367470858","0.040479365296906017","0.19895721998390176","0.01467798324604354","0.012246967707720383","0.0084961263298545999","0.020500228305473909","0.03990964987902685","0.044701022558149832","0.034506201992250386","0.04035993337154014","0.17053187002742012","0.24838379032018412","0.028938109461241621","0.049223538434381639","0.045328140437422205","0.040776722364804757","0.05098815704329606","0.0046938048679758876","0.027122513323480417","0.026361454473791016","0.074842314212564126","0.15051487261765698","0.02174002282198741","0.010602833241334127","0.0043516604330965259","0.0075508944079485385","0.011026022694257651","0.0072192861433238191","0.010109089764093072","0.039782407061774258","0.1404443619352792","0.23331134988056265","0.038652233036921994","0.037359077630417972","0.012691459790936678","0.026885539596167008","0.020584623864893077","0.010667351646481088","0.020443601576595083","0.0086004298930030983","0.078798368334109456","0.13580291849375578","0.011034319142000846","0.0070321778423363297","0.0049421555097738613","0.012083806064383433","0.058572321731403511","0.02084011074751663","0.034082927000541878","0.029460785567523903","0.19815443844661609","0.25631050692430457","0.062915950532251075","0.017795644029968673","0.026965395315199314","0.064296297455534307","0.039432227541776048","0.019941427561884998","0.028353343730818579","0.017772429817024964","0.050923189909028055","0.16331387462576052","0.019850904423482599","0.0041263557448440865","0.0055269957310691547","0.0046284884700407997","0.018373291533465144","0.0074409177135912529","0.024068783151485022","0.038988419390919279","0.12897555193110419","0.21132783105753533","0.018648737414510033","0.024028626632574816","0.036168636319676657","0.016692410254053727","0.023018925420741687","0.012269439274119725","0.01409246176723475","0.020096257959530434","0.043963207100774469","0.19252882812043068","0.015107271039494177","0.013887678529820048","0.0066591712942338727","0.01210322974781612","0.048265007080109543","0.044975545652287154","0.032928063743069468","0.044310162941189453","0.16892850354760022","0.20129936084978647","0.028081934037350514","0.017877917912895197","0.024344418467081644","0.023132932905995756","0.021838493186660961","0.018222831912486789","0.014883570524393205","0.023830103936880773","0.09658252486134955","0.23876378379987603","0.034307586487563047","0.0071680055791515842","0.01501241237606675","0.014551045024055536","0.014193720633718581","0.014840828951024808","0.015852840284515852","0.038031078993883437","0.13718460315765188","0.17487633792867996","0.036556358611380464","0.026383759016623216","0.016344388253673972","0.021203143331953941","0.025020765687419684","0.018649676398833647","0.017421643661148834","0.013174352884769161","0.11690797968788298","0.22973113561146111","0.0082513063791375008","0.013300360582400958","0.0076971602854870704","0.022009730165358316","0.018458888735321241","0.016938980962546962","0.030062439556140547","0.032623608870346127","0.15438797507533281","0.17851254233191544","0.032829571680429194","0.02547796541676248","0.014837800282233546","0.033561493117840895","0.036092643756371286","0.031836848700214984","0.031475850074082039","0.020000545004129563","0.074486020419339591","0.20784791300993646","0.023552348115355941","0.018054119452228779","0.016784209564978354","0.024659420020435214","0.024451858128484008","0.018072545433455003","0.019025990022811089","0.042722896561515754","0.12571741130520209","0.18249829484817603","0.023957195790807854","0.013190887726375708","0.020040474367636885","0.01763518099405173","0.037775792089137623","0.043086632217994594","0.038279122517002703","0.036202627344174093","0.060279272696119442","0.23822094218210962","0.033818821309233131","0.029367465877700456","0.0061439022682530748","0.017353801601261095","0.019320724287852739","0.032794596293433488","0.019891902367290992","0.031174959523943564","0.0989673968105486","0.0072832572832572835","3.9000039000038997e-05","0.11814086814086815","0.87134862134862134","0.0022522522522522522","0.000429000429000429","0.00024375024375024375","5.8500058500058502e-05","4.8750048750048749e-05","2.9250029250029251e-05","3.9000039000038997e-05","2.9250029250029251e-05","9.7500097500097492e-06","1.9500019500019498e-05","0.0","9.7500097500097492e-06","9.7500097500097492e-06","0.0","0.0","9.7500097500097492e-06","0.00054600054600054604","0.0013455013455013454","0.0025350025350025351","0.3991946491946492","0.44686244686244686","0.012148512148512149","0.0089797589797589797","0.0078195078195078191","0.0064935064935064939","0.0057037557037557035","0.0052065052065052063","0.0051090051090051094","0.0038025038025038026","0.0032077532077532077","0.002886002886002886","0.0026910026910026909","0.0040462540462540466","0.078906828906828902","0.0024667524667524665","4.8750048750048749e-05","1.0"
"0.23153335003891895","0.031592381220351094","0.030862827350658765","0.020157165096998168","0.014366606201410731","0.040087652936428277","0.020980403560660037","0.0090351034423662886","0.023972677784183147","0.068986889356449879","0.16035612745057445","0.022765193725375426","0.019707058430086223","0.015282836543750006","0.033310061474463859","0.011090755584891662","0.010763017778975809","0.023796838674252162","0.046534037595708705","0.16481900913776859","0.20573502653974518","0.020740223639861562","0.024801600295792574","0.019281807478923788","0.00690078860227157","0.007037516060786347","0.026262176023708513","0.020654239464240748","0.019730568717216668","0.080291484611190123","0.19360607723163559","0.04237293814638772","0.025867707869108972","0.040246680425901578","0.044855784049342894","0.06079544124504295","0.015000785955104134","0.015075505362433442","0.038445424453443365","0.092298218126958584","0.31871157963717772","0.030852812396971623","0.033395148760236443","0.019335142739540952","0.035261644893755752","0.024314936975227519","0.011169819210273596","0.015218655998421643","0.015892008416508733","0.046851385399254472","0.13578864042692124","0.023345740129595685","0.021023673694320621","0.022721986589095931","0.0093546717882422945","0.014010516694462211","0.023700327985027088","0.029646661948048974","0.033388770879587693","0.13601586985365766","0.27973187461772425","0.039818216205342385","0.022800821997728159","0.023116714151958737","0.0053021262365343727","0.0065382294760798895","0.012833019603663468","0.010271698053584074","0.010113930047645932","0.051073094140221029","0.098890429644942268","0.0093889885289005302","0.016427587313213539","0.018106764886553984","0.0610883062656302","0.041891190926535149","0.035632482757816643","0.040526664358963099","0.044566379441226621","0.17188147805763421","0.24904097265140532","0.024518788646623157","0.030426497286773772","0.021573916043218504","0.014761893614064008","0.04877902123958041","0.013171033398725752","0.011943009943594162","0.0094814615768704907","0.072775159122480282","0.15446416570818944","0.011746603607962817","0.022710111468707411","0.019787792356795356","0.034640298802756458","0.014743815480935491","0.010103414456370705","0.0099042759924746118","0.037053016060070512","0.1883747465313691","0.22436770936394462","0.044185972055847789","0.0093784006090963691","0.0069122901644485648","0.012928327734901098","0.0083682476428069003","0.023639967651485298","0.0057575738969936801","0.025566947382873722","0.075491844293976595","0.19951889545915627","0.041315419344599667","0.013465639232062145","0.039383636135088593","0.032069421740020573","0.05750188627257511","0.016356843991814658","0.0087207373757041389","0.045675934961149176","0.10939429862171403","0.28605589809922705","0.047995583612945029","0.033474045587861427","0.01643405575702327","0.026794620437622249","0.030163146105089102","0.011235367632871194","0.008997053064164047","0.016264933641731892","0.060521274561927921","0.12307347034288635","0.027866646004350699","0.018845022842191625","0.01966964831565585","0.0038053476827489894","0.014527480132749807","0.022071340196014481","0.028225925142825976","0.035037911780723664","0.1689412238951396","0.30451064013557133","0.039758257028340509","0.022203962446486428","0.018271803630606653","0.0031691405199196073","0.0029479802298382689","0.0070746667086566536","0.0082234944832309167","0.015738466878168513","0.047780339516672987","0.081077595124108615","0.012387751727517885","0.01780057999817557","0.005815338017071011","0.059163112881920894","0.077626495558409767","0.021011031847321358","0.030533021356718478","0.044666306344418795","0.18024001306096582","0.23822011898576315","0.04201659951525509","0.026723800792352509","0.017891152643221733","0.011251903734747885","0.047461896820916005","0.016825838968565134","0.01125429706949092","0.0084147961109722821","0.067771468959164624","0.15360778380452991","0.014186274529568171","0.026170904866746714","0.032016923507743246","0.018598633785251978","0.018259510559579899","0.0056227351563136558","0.01617914934272149","0.032425739257819657","0.19510046576512233","0.22630086286492862","0.032586192084241558","0.0093503976716983739","0.0071200105455230213","0.011964274818088809","0.0072176183278493001","0.023573339212762955","0.0048031995198994067","0.021034023718840739","0.066265675591597309","0.21445354093796637","0.042515598805763284","0.0082910687741685734","0.037526626591224882","0.043302655503675624","0.044841954899220597","0.01398499164507179","0.011126821037995855","0.050964559562119434","0.1227765817652567","0.33589634359245729","0.041148820922565381","0.028108003517575978","0.0150983894109435","0.04030429774992151","0.019870065178754358","0.011712118797431391","0.0099131651249348886","0.020352432614346449","0.05133729940335844","0.12884582144344658","0.028473460572827059","0.013649086225367691","0.020839035987902026","0.0026675696844647256","0.01406738604141906","0.0161037679938285","0.030408227121963824","0.02958088135611495","0.14162382226329573","0.30009287585157696","0.048255541600540686","0.014612036418070951","0.019842800483548358","0.003416806422433449","0.0037740761737167163","0.0043408328703247109","0.0072970004346266963","0.018984396204210312","0.046377695473557509","0.084408287447528541","0.013600202521003352","0.0095879674284258393","0.012349522113665372","0.0531938178753441","0.078001044022588131","0.021841490147161999","0.02774515521868599","0.046064995632740947","0.18621345325533722","0.19601178151330029","0.028525029284489564","0.023184408947499041","0.022654148105640912","0.023035446128932723","0.0092601443729426764","0.0156002554944688","0.018677491018130144","0.029387598573472031","0.081250728530701671","0.22430444623500001","0.025277722493986542","0.025585846671015568","0.012638374580618675","0.0082982607042750029","0.01197004050375941","0.016537196664571232","0.033943780463994551","0.042904277236414198","0.15095301529920879","0.18928456540286001","0.01931588964746973","0.0066704162653797375","0.020058435386433288","0.012037745717757928","0.010315817003687309","0.014082762949725229","0.016320094098311852","0.014734176301801103","0.098665913001691252","0.24773307881259801","0.040132239954529074","0.037378291988233947","0.037264240760318354","0.040656102429384784","0.051347333723146767","0.01114088877797083","0.016457072295656912","0.022546675659937534","0.09385825610364476","0.22928511230074497","0.032205103560252177","0.027443618374783266","0.011570684283756176","0.010501622443480921","0.017891403357404991","0.0075791421273199329","0.016709745980858687","0.020520673772316488","0.06574040083650845","0.15971161208886603","0.033481405828634056","0.027725087964896783","0.024083590467265367","0.016807371670568009","0.022685890088877867","0.025125838298115506","0.021731317432469185","0.037897750689801155","0.1913026226541224","0.20761788544073081","0.04868273843668737","0.025703784252604053","0.029538908013845722","0.0090187173218060791","0.01491787287271088","0.014354368969978418","0.014150480471366642","0.026779757452800448","0.089867206697207602","0.1583846686654333","0.0213476379264705","0.025382932041621193","0.021104366909320823","0.027574609536617771","0.028087533736809195","0.029796194419606667","0.031481818389823633","0.047176043603383559","0.1290324680770652","0.015911080659282099","0.0","0.00039016405922880743","0.2824121655056907","0.69853640896806368","0.001503559057515892","0.00054242320429370792","0.00019032393133112558","0.00012371055536523163","5.7097179399337669e-05","8.5645769099006511e-05","4.7580982832781396e-05","6.661337596589395e-05","5.7097179399337669e-05","9.5161965665562788e-06","9.5161965665562788e-06","0.0","1.9032393133112558e-05","9.5161965665562788e-06","2.8548589699668835e-05","0.00064710136652582691","0.00093258726352251535","0.0018937231167446996","0.23604925583342851","0.56963001027749227","0.046125004758098283","0.0092592592592592587","0.0074321495184804538","0.0066518214000228391","0.0053385862738380722","0.004929389821476152","0.0043298694377831067","0.003968253968253968","0.0036827680712572799","0.0026645350386357582","0.0025884054661033076","0.00286437516653344","0.0045011609759811203","0.085721898671538954","0.00078984431502417119","1.0"
"0.24511083885036561","0.031853103104611452","0.034588700386717471","0.036882022120063467","0.020709394361239808","0.047541173812338425","0.020484342238688447","0.01191820450745899","0.02090603638464","0.070302037707318771","0.19316777444363223","0.024956965867783093","0.016401373979315001","0.014496078636256231","0.016561078294358416","0.0077099629320824953","0.009878322098514249","0.0064266656910588913","0.029220934022738849","0.14088498386814211","0.22695591136149526","0.034660998190189411","0.02593450701307554","0.013517001797297368","0.010322755779256187","0.015787322332873124","0.022037066558444555","0.0096618502519467322","0.012214087526676824","0.092400835422720873","0.20400172418513665","0.028025099953134285","0.030661030822798571","0.026671028720220213","0.024537252965974043","0.029956508975071183","0.041647358784315656","0.018128552870223365","0.041384716399102385","0.091494383576008254","0.27201169330614683","0.032911886042047069","0.042274429213639476","0.055539333171229006","0.0603794873650709","0.043186132174243573","0.0085798172773340307","0.015772998882832266","0.014255548180904951","0.054964936388525426","0.15016178007827249","0.017760951027785344","0.025084277742385769","0.020489301193828476","0.0041096192716728423","0.016923002720972302","0.011441963525893988","0.017930343141322688","0.032735464556982702","0.10348702955322506","0.27050181014773511","0.049406596093733775","0.031714512066472654","0.0050822833402390608","0.014474268165195151","0.0095185551878573631","0.0049043587127620587","0.0096278661317318343","0.010289241117463427","0.052609660800748408","0.13306480315982772","0.02658459837148601","0.013475507809059291","0.01264375835852535","0.037320460120996102","0.052028328375687743","0.041212890199254261","0.021727620606115841","0.04778774970958901","0.15602512736169633","0.23052032388064447","0.047318195866495917","0.021285227960797851","0.039694202744631667","0.032342111110239671","0.043337804563839046","0.0099744018167282605","0.0056344962368522107","0.028449857664632795","0.065772002861947496","0.18379601188861014","0.030531829919198592","0.014739399503025","0.014802283508671552","0.014084289207786732","0.0070913798373570484","0.0068172336623499473","0.0053667982655020083","0.023268416097646537","0.17517372785693416","0.21133590328331014","0.023810228059714764","0.030594843531236451","0.008906296709384821","0.0096739647512256444","0.012917236398152558","0.015016576367878929","0.016031049764026934","0.016809209633484853","0.089659353163896324","0.18615392146839038","0.0276635507873586","0.021979294393380481","0.020992686476273781","0.0066586170710160571","0.03477953436719973","0.032264925269813928","0.027774466406595373","0.054339678547907722","0.1526386569357214","0.27260108450431403","0.043024939865772632","0.044519057650977578","0.05939660547285442","0.058838851605954409","0.045567219374839048","0.0070152536897635908","0.012398859853550446","0.016247134797412074","0.053998123143366224","0.14670951243625183","0.021191884450651177","0.023022009733927713","0.008935288538082781","0.0042581182950646558","0.012690598380808918","0.003145205098926063","0.015807389530875109","0.037511150194282313","0.11312170907460506","0.27337939396678324","0.047137905017121048","0.022992729762787576","0.0071801460231710511","0.010507374862305133","0.0055950857284638705","0.0052207610683320162","0.0062564570660552585","0.0084349513948739161","0.069451050042245221","0.12177728541227714","0.014696905781656801","0.012036600458153284","0.0097507596422941548","0.026087519673874147","0.066690766109488819","0.030760963936427875","0.025298685441306305","0.04667195164866441","0.19007270360307757","0.28814081210572584","0.034571039713206388","0.031999486765763432","0.036048614592547601","0.02055350696908792","0.053197014427885554","0.0074809321995569673","0.0076504503360694219","0.01883227715777849","0.073980534091587197","0.18474407327597883","0.030742612840455211","0.014752671701173285","0.014816347200666017","0.012896316124897172","0.0063605119149183877","0.0065891429934585421","0.0040111426671885107","0.020758859673273868","0.13187364787418659","0.25248931489147575","0.027656005815868662","0.030369996829538049","0.0035496070881414744","0.0086034580436452086","0.023671634824450415","0.0023219732429404145","0.011792122334056172","0.018375757794077387","0.07754333003744128","0.20630514473151451","0.018816937975195552","0.020592396711198516","0.020438403864025425","0.015672868681533579","0.024246676260101983","0.031880315147314993","0.024565970858636932","0.046085627985966521","0.13502245020072848","0.27662128263592761","0.044957012370451827","0.045608653174890816","0.052765656149579086","0.074961372725892178","0.037920659003189409","0.0081923511734446671","0.009110829800676656","0.010958814756031691","0.049847776513511216","0.15476297757644694","0.0218670057620261","0.028619577780187273","0.0015872653517284118","0.0041074633381601817","0.010712749822839955","0.003489293981428884","0.014918583229899716","0.023757915067369156","0.12523275557035912","0.287156068352178","0.044751272655604545","0.021483379488226911","0.0068690074304727138","0.01076045819057515","0.0044521607749818783","0.005082844820165861","0.004319270384460349","0.0060570721230928269","0.05880119707020471","0.13916363438346871","0.010765792742900755","0.0058209805157741577","0.011827937674610706","0.035533695485736143","0.058152937682735086","0.033524749733346154","0.027231149678618994","0.036333830916333867","0.1919125566036218","0.22059571090777652","0.032836172585409898","0.030673327970399952","0.022386146670117801","0.012724847021266391","0.018493197711791223","0.023177692797978044","0.017672719830002362","0.030719330367997358","0.10331229649468723","0.21109559657349294","0.025323591584844006","0.018294644083259134","0.011742056849782851","0.01652113544414292","0.022704729208665772","0.02189780047622459","0.013320801162755871","0.028055313855069885","0.11845288013762814","0.18836894155031811","0.018794943236063379","0.020736894206559612","0.017065691688266268","0.0072135084803927815","0.013460278605527367","0.011438188692726555","0.026790257133694137","0.024299741468660131","0.085842571351619504","0.28551065348739452","0.02574498553278854","0.027847297239319876","0.035507041248456661","0.03351014537361504","0.018876081798833169","0.016990606682944352","0.018553647463587439","0.022963529881075757","0.10048499031259617","0.199111511217128","0.048544407859604219","0.029826176592781695","0.033706184596959822","0.024413498211762242","0.035864242150691325","0.022247549337186701","0.026981665249415983","0.023204542846646452","0.063499804935069987","0.19598663928668539","0.038347258555981166","0.02064032830369953","0.025123165788752334","0.012425270806032061","0.016842172250423934","0.020941196301353219","0.029980048236860748","0.036121881018917612","0.096192449150170875","0.18950242182586266","0.037624006676485404","0.028431486460493816","0.024427465428710101","0.020056871557175518","0.018618694174859125","0.016293320714176916","0.0093047555499240781","0.013354034500591619","0.076172816563659915","0.17614778847540377","0.027322126671491927","0.029091001311119035","0.028473067100210452","0.027638244811571261","0.039909051541212624","0.025584726813678921","0.041668979662182033","0.044782057008868253","0.12559707676037693","0.0065309494928185927","0.9893289735070232","0.0035159889597946663","0.0003867587855774133","7.9109751595379986e-05","5.2739834396919991e-05","1.7579944798973332e-05","2.6369917198459995e-05","1.7579944798973332e-05","8.7899723994866662e-06","0.0","0.0","0.0","0.0","0.0","8.7899723994866662e-06","0.0","8.7899723994866662e-06","8.7899723994866662e-06","8.7899723994866662e-06","0.00093173707434558652","0.0024787722166552395","0.59257598931139355","0.26597577483606699","0.010345797514195806","0.0081483044143241395","0.0071286676159836859","0.0058541216180581189","0.0055464725840760863","0.0049751243781094526","0.0042895065309494929","0.0036566285181864528","0.0035335689045936395","0.0030940702846193064","0.0024787722166552395","0.0031204402018177664","0.0045092558409366591","0.069414412038746195","0.0018722641210906599","7.031977919589333e-05","1.0"
"0.24565200871628876","0.025477791469608588","0.040943855008549732","0.01824377565244685","0.056930930663820392","0.028121389508358619","0.020014797470379892","0.023419675858529131","0.022063960576051093","0.061617925895398919","0.17716762331712022","0.023920125354306199","0.014190557922916269","0.008962142417442023","0.01827245710146809","0.035661364762301841","0.017578732091272208","0.024222369215692534","0.041605773339167061","0.095932737357831505","0.21922208090906112","0.029804689826313634","0.019204992663765321","0.011132914191474023","0.016767074756054476","0.012177050131406086","0.0077421053619278991","0.013275749060793105","0.025965643035714813","0.099362000579637455","0.20836303367533074","0.030455353475563975","0.022601277095201322","0.013263741557001298","0.035065100347442438","0.057843803673094281","0.012306506400294123","0.022525017596260268","0.032173051718713194","0.11074880747096227","0.20441982380590834","0.05025307091443168","0.037818512254214169","0.026175926308807225","0.08352908514414506","0.043335573539262068","0.015725074559290571","0.026732590622576151","0.014852277336061211","0.051071204493568674","0.13221093803157918","0.0056318417334201365","0.020317625753792146","0.024856631995210047","0.028688119357295556","0.025525209423921537","0.02287542655096143","0.028252594608411442","0.027288055552870175","0.13044041328090361","0.26301280397424587","0.046636554192783009","0.037137022187998157","0.022695870765802168","0.021224728984484423","0.010906963243132863","0.013981417010936515","0.019767676201313724","0.012691934457679573","0.049445185638353428","0.12853908428177893","0.016409868876833808","0.015350715272283598","0.0061929227360123266","0.016921158486234777","0.035888558922708973","0.030415159838487551","0.030526338236549017","0.055552646315237562","0.16670338646647476","0.26099487448093833","0.043271040726728507","0.04296720873971948","0.01841487482123769","0.061419165354456767","0.034613756908902761","0.011719167728345692","0.02075538093542845","0.024378664342683008","0.051633303119463007","0.16099265365027168","0.02770817609262291","0.017622124853416733","0.0084841177600236267","0.030014585412433764","0.016945448823138306","0.026914673856878644","0.021447132414889974","0.026629590392566252","0.093074053922257385","0.2273085287226205","0.040436470773020768","0.01636287875969504","0.0084460220781602501","0.019407573921956182","0.015992336155927125","0.0093213911570485287","0.0076888454030020602","0.018232998718538444","0.10018142370178711","0.19231766724960958","0.032813091580579302","0.022213167493665874","0.019417181376853204","0.034303270711683043","0.03929587681782603","0.012897399820101296","0.025104580080069969","0.028365803498493065","0.12989348549820909","0.216356184088596","0.044878905688485841","0.036042000671834891","0.032276152321109614","0.068658828324313054","0.063248266146862311","0.036684433345033268","0.0087897578071539223","0.015905206006457388","0.054882015342663987","0.11548598965230189","0.0063768461734000125","0.011679509406240475","0.016524538042322786","0.037936646177663173","0.0099091630417900839","0.034370338029223499","0.017420904235952956","0.033338586668452928","0.13923572498793071","0.28431362245720154","0.041161211013912229","0.034001484446250584","0.018493712588988093","0.017022885332000918","0.017815628166479591","0.0092943105708341786","0.016067943225970896","0.0089241346541622957","0.059068454609801695","0.11085469326683736","0.015390607711496019","0.0095692789636345095","0.0062043001135011757","0.01224288360378715","0.039421894306648816","0.020087647894237868","0.043872530425829365","0.046185404122860672","0.19000736944262031","0.23919715748157711","0.041960607670006346","0.041490564287290123","0.018305874490286214","0.044496769425224354","0.047670206706033641","0.018697407960544601","0.027739549660842577","0.01431537961833051","0.056510709489534142","0.15566885741791137","0.028245780943784233","0.019402589667750873","0.0057526425922115321","0.028958069364707892","0.019283801788118709","0.023654126292067493","0.020453944441054448","0.022382522698507344","0.12581343250438159","0.2377802100476416","0.039573833417700655","0.014806933046271797","0.0073241705746363564","0.016699601499488851","0.018215322320085322","0.0084053646579469454","0.0045809950860556383","0.023423007138399614","0.076898562112286684","0.21453377647701377","0.038603766615976511","0.012518938454264621","0.018842358614792987","0.032184045949747449","0.03805558183551664","0.015171509255172395","0.019723162053878328","0.040578774670312442","0.12208007973196748","0.23145042477221248","0.043044887642030905","0.027190573688640716","0.029335160835618369","0.097853409807696676","0.049720003688851128","0.02860129340851901","0.0030703332519555308","0.012560262471171235","0.063460083295921177","0.11313516264616495","0.0051941903538619506","0.0091356381374894744","0.025144264580990429","0.022997296695689336","0.023177358580512428","0.029871572148843166","0.024855456505268752","0.029171070543531526","0.13103155328351931","0.27303703237954924","0.037397274641748843","0.038644881708787944","0.016374291447058899","0.020314455344424033","0.013267658346878338","0.012125687398517824","0.016373489809765801","0.0091282314675678149","0.050183170838310504","0.11611475407833241","0.01033695402456343","0.016591546813667288","0.0045074141061401413","0.01566167524659819","0.034817460080324124","0.035546874225881119","0.019506190697195565","0.053421289944827366","0.2066496644100741","0.22267367121240444","0.025332924451048022","0.014970042831567904","0.025499795722855139","0.014896091552501876","0.022591132256068465","0.027061168144164403","0.014251434271149162","0.015482515078269228","0.079931697423576309","0.26308626710862026","0.023953664273275176","0.013498294705694159","0.011553896256688729","0.015536074501641885","0.027146691272136012","0.012364541180860833","0.015745875596025832","0.029031478416188243","0.12539273711148666","0.18711906169578352","0.014041473671105928","0.019390853834877611","0.012526791846680369","0.012529702798782487","0.013038505787192463","0.013396507441718867","0.015552952880043732","0.020652797972138984","0.097471130784264851","0.27475333344151009","0.036007397969890595","0.018862282129459236","0.012741343410383948","0.046557036868894938","0.033507452607843442","0.014821049181678415","0.028246398155008928","0.029938973811574926","0.098844948663017518","0.18408405374678158","0.033996016579803348","0.028509478268873612","0.023050779452938916","0.026675067643786105","0.035056441344161478","0.01536978817055292","0.017907875480946404","0.022009282044802497","0.079397539650866322","0.20762645164554239","0.019887140601395847","0.031278774554161788","0.01961977413531768","0.02879144498296804","0.02510541662661361","0.017506433141089916","0.030403549560421246","0.039413051722692286","0.11431163318262576","0.20894330546188036","0.040669542362694606","0.02711338006022327","0.020511827726209426","0.021526339857263984","0.025620728760007375","0.017140514205498034","0.018113403079420241","0.016846720048927316","0.084864215727295272","0.17780727608565008","0.033378165969750781","0.016097435314534825","0.019954025212621313","0.019759153658246032","0.031071465092696531","0.010870886871058172","0.023458291365020829","0.051744463753398418","0.13450885232039869","0.0057644083068271873","0.00071648012853219273","0.98675597338167764","0.005503870078270026","0.00060792253330004236","0.0001845479118946557","0.00016283639284822563","7.5990316662505295e-05","7.5990316662505295e-05","4.3423038092860166e-05","3.2567278569645123e-05","1.0855759523215041e-05","0.0","2.1711519046430083e-05","3.2567278569645123e-05","0.0","0.0","0.0","0.0","1.0855759523215041e-05","0.00067305709043933258","0.0012049893070768696","0.0020951615879805032","0.31883365719682577","0.51505151057893761","0.01556715915629037","0.008782309454280969","0.0077293007805291098","0.0065134557139290249","0.0054713027997003814","0.0050153608997253489","0.0047005438735521132","0.0044074383664253073","0.0031590260212555773","0.0033110066545805877","0.0026379495641412551","0.0028659205141287709","0.0042988807711931568","0.085608519600073818","0.002073450068934073","1.0"
"0.23699050281953871","0.054211458831631171","0.033597906543140793","0.025959897566924812","0.038218775686279315","0.043562081311180167","0.010464273765652097","0.012428730919157581","0.027324687818453694","0.063724763817469887","0.22109603290629259","0.035165674725463891","0.016233633441305434","0.005208695074775057","0.01015840153631041","0.011250386936071605","0.0060293366829003783","0.015473891291725444","0.042837322534118184","0.090063540012305987","0.22022920866790674","0.032025711079928819","0.031243998912356269","0.01833226247568091","0.028803886572648759","0.008188463247660956","0.010472596324598545","0.025954712286559403","0.025321992717375754","0.070794402057693939","0.22205519413445382","0.035251932731011633","0.011905299767938001","0.022565214007008751","0.0075120284147144091","0.03451887515509084","0.024577350714871209","0.029436287210017047","0.015996434666722556","0.12481414289719098","0.21775625708145344","0.05004539482678861","0.045131709080765518","0.013698106581974376","0.070179647488699148","0.037841481750007532","0.012389241464995239","0.016771253536297638","0.033124057937470926","0.056951626001022077","0.14956977600915594","0.026188070749460238","0.021770099704310684","0.0079766422643506949","0.013188722230215017","0.017517714962599861","0.016744121889812877","0.026694310606875198","0.022678834837808328","0.14378292549144547","0.23283197150702037","0.038196017971678195","0.0226658345976435","0.016717257509573272","0.012328532638398459","0.016814723970882021","0.015586286096952022","0.011048339297593114","0.018915695716639203","0.047062836929292216","0.15198870268538747","0.031774062883626053","0.029959897939787851","0.01819301606930198","0.011622448579698547","0.043518877437885913","0.039878889477600536","0.021807808510584958","0.056268706827914787","0.16282008903499653","0.25891838059956435","0.043416697280046754","0.036331080191408072","0.037587502237110347","0.030090671988453718","0.043570980424289307","0.0076934506592217606","0.01578786835105344","0.027290718204783227","0.07428657051584267","0.22134793036758199","0.024312043641154909","0.0090172091827591446","0.0048592632340848704","0.0076167285947445961","0.0070515781331599182","0.0028209703034556949","0.012382365567504858","0.02194439798569536","0.11367358738567572","0.22515241382774739","0.029830076135779923","0.031256882568544565","0.018224704785472046","0.020812741423860383","0.0036048207374193065","0.005066111021980596","0.020297774656850513","0.032838580706026507","0.071995935786171097","0.21382237147143207","0.031003052164849776","0.011313178914927585","0.010296797591382759","0.004180189707473146","0.030820385943305519","0.010947682776989091","0.030557095700385395","0.034007289181638901","0.16397190973897646","0.24853212043330503","0.030481949727585174","0.050716588853772226","0.014969579114397254","0.06625702508385653","0.054092457102171677","0.009459643778430794","0.013379197733767742","0.019140477095645033","0.058159963160650446","0.15844122193344917","0.021820991204906947","0.0057967552816864561","0.014303856350621204","0.0089642238504265646","0.013813956369507354","0.018170323850905327","0.023027220765658513","0.01842337939120919","0.15204906441665333","0.26598985321069557","0.031282538506426816","0.012493751330842564","0.016124654453240971","0.018670290133581176","0.010052821533393336","0.01335165898816342","0.013829630748485181","0.0074184424368379121","0.051899848405475686","0.14805251841484915","0.022833710728631128","0.032271833685880651","0.012632491796382171","0.014924255417854927","0.044184432440001989","0.03294380264534804","0.020837980932592634","0.066035285424400375","0.16417019533767349","0.24593084993234951","0.035679585924991972","0.033078763207909388","0.02701774929924447","0.058983610285787198","0.035924769001429942","0.0058151259851012002","0.0076000676451990126","0.032667619043149798","0.049580034977169375","0.24758408654590677","0.024722027793393997","0.0087298894978712037","0.0049503827565990852","0.0073171504953768582","0.008300395734359662","0.0039167388265117708","0.01612407719100941","0.016993644496963476","0.12908342635429357","0.25141300380163523","0.025296418943471073","0.029227711499157798","0.019720918028494846","0.021938456564010764","0.003686810046145495","0.0050110492195653642","0.01877613513689963","0.027744362765171227","0.085649145300474391","0.20656524586044964","0.02971178955392087","0.006537761796318764","0.013036975437109802","0.000768539158786856","0.031424639157629206","0.011325298364973892","0.026061702545217433","0.030794721588124681","0.15530931021507818","0.25612730308677789","0.032217258610135871","0.051237199273980884","0.013455096836789825","0.084104035715277359","0.029883039156884898","0.020559713325791412","0.015096290501433823","0.013795857419636424","0.067060068534290126","0.14945410955669944","0.019692412642286505","0.0067296995404752718","0.016481567779333881","0.0059970140189367846","0.022080930706882499","0.0077347243546444224","0.026771902769768981","0.016776071825803904","0.14474570006399412","0.25921259038337596","0.028774390099212375","0.018976376893693386","0.010981630366065928","0.021126810918966447","0.0091828251536833164","0.013253756371076803","0.0093891671684732045","0.0099658666653217997","0.049461048987816614","0.15234828820445492","0.02304788950919846","0.0298411974941638","0.02014926955407409","0.0074347239766112336","0.050660378432329192","0.026973157549713887","0.022356994243263949","0.057126244530843633","0.17973739020315857","0.22975210869888443","0.034086562585961537","0.016146321279637228","0.02668628478270486","0.020529516525988493","0.021862065935374087","0.027554650352128524","0.013996539091342299","0.026244894559354741","0.095593205154653221","0.23708010201697846","0.024927699168791072","0.016534170980457435","0.021247873667679953","0.0035714875401016114","0.015737765293581733","0.012617086179878136","0.021333850290316925","0.042908776324435641","0.091589033359386132","0.17296041029032011","0.024213405818230244","0.023068130844914811","0.01625871402842689","0.014096678440967439","0.013449844495068773","0.01406925401934641","0.0275292271186501","0.029059322293811928","0.11003229134014762","0.27048546301472731","0.06028120068728858","0.0074142154901457365","0.030142331907293103","0.0087224827583459418","0.019183680731995303","0.01033443916967129","0.011801790197218859","0.021165430293405132","0.11573168093467975","0.15878414404289137","0.063571895791767308","0.02667220166342826","0.023194644452554952","0.032099254746580513","0.031835392608223274","0.024360808858053591","0.019363326288504904","0.028807004129367739","0.078570758080820993","0.21782460251053179","0.024178726550078647","0.013628908703462627","0.01228559067970421","0.022947544715081224","0.02931771350089803","0.020357247556014178","0.022615780771175143","0.041608479304803166","0.10797596674983014","0.18503485358184932","0.043925142902719289","0.028028686688855615","0.016024632178284117","0.017584780549326419","0.019799054099171105","0.019311354395802959","0.028643700382848157","0.025084612883721265","0.063112799449304258","0.20555823762934505","0.020198217109023031","0.027069835335209166","0.026994737596785827","0.037607149242099347","0.023446491607649837","0.030142615195601095","0.020863810687849805","0.04720929994153493","0.11435998106727027","0.005321690419309663","0.99349205041601452","0.00089793228437268311","9.0617019523848755e-05","8.2379108658044319e-05","4.1189554329022159e-05","8.2379108658044326e-06","8.2379108658044326e-06","2.4713732597413298e-05","0.0","8.2379108658044326e-06","0.0","0.0","0.0","0.0","0.0","8.2379108658044326e-06","0.0","8.2379108658044326e-06","8.2379108658044326e-06","0.00098854930389653188","0.0026031798335942003","0.60903698821978747","0.25385122332976356","0.010890518164593459","0.0087486613394843066","0.0072411236510420956","0.0057088722300024713","0.0056017793887470141","0.0052722629541148364","0.004530850976192438","0.004258999917620891","0.0034434467419062528","0.0030480270203476398","0.002710272674849658","0.002883268803031551","0.0063843809209984349","0.061644287008814566","0.0011285937886152072","2.4713732597413298e-05","1.0"
"0.25071897139814397","0.028921633035861542","0.023676257339696562","0.029761769829697408","0.030539246473012493","0.053252216468148525","0.014392416645961564","0.026947231280975405","0.025669300005043364","0.071455991120921061","0.15820281543345507","0.043061364176167502","0.009684245728406031","0.013838788062870032","0.018438092619287156","0.026441731117859628","0.013423563934888786","0.010360614805242694","0.025291483620992913","0.12592226038245766","0.23761224043271309","0.024922912308114872","0.016048210185716609","0.013040728245482873","0.0032570006583429066","0.014250451366401205","0.015303014950115018","0.015936098201325154","0.018752601771117702","0.078383823546438497","0.21204823275103138","0.034899767896552067","0.035357557739896968","0.021126116301018891","0.040473697407352981","0.037819834553654411","0.019285414490925218","0.02780877527463059","0.024881927025908909","0.10879158911892307","0.20030695108124913","0.043792621742788092","0.069884800745062065","0.040793367190971382","0.054902140884843756","0.04700434380168661","0.01823316530730059","0.0084897047896066308","0.012471870116739376","0.038263268458447963","0.13939273394563509","0.021386610222375622","0.01915113502359115","0.015619451771858497","0.026758494856153142","0.032645983871587764","0.0065817235417764174","0.026657661566239096","0.022761087164753262","0.15490287955942597","0.22270138742487142","0.047789361974093829","0.025441816163053264","0.025656626748264858","0.023390999380413998","0.007270678510783936","0.013856178673257925","0.014758948426694377","0.010380829170823737","0.034276117493075117","0.13956031644912653","0.010028330956683857","0.014008609471958146","0.015392374062368527","0.017345274626554025","0.037035435157344157","0.037840608297094021","0.028366199782680526","0.04423408198994179","0.23066582106310807","0.2640750776408794","0.029798665792139724","0.043863992780520465","0.021789107301341169","0.019650960687691909","0.064998763370262072","0.013619235080553073","0.020747719534053088","0.018025463188260777","0.083385385270657003","0.1437084177436686","0.033218938491719224","0.015430388137338635","0.014942348503218723","0.011853290654350033","0.029421618459471079","0.010732662711889999","0.0099397767470257199","0.034365856596001949","0.11643232562764234","0.22836115777921501","0.025055257868856588","0.0201648949254781","0.012046161814598746","0.0144114770353993","0.005789992311168419","0.007207140009731515","0.0075757918467206364","0.023228846050612255","0.083343885481339197","0.19941523002120728","0.030754178596504606","0.035193776188232551","0.018956687896909401","0.041120790125044743","0.024608832621562788","0.025149994463254083","0.022826470017901689","0.025669620365770706","0.14911980877007081","0.20950030478626283","0.036113762541664242","0.067638312136722029","0.047718920393519514","0.058420434187115441","0.056903647391116023","0.014797505881285217","0.0082659751168202688","0.0094806325674346454","0.036316160009443363","0.13101320010743223","0.01480544284930687","0.014024563501124486","0.015259103232018088","0.0309420609648276","0.030414595389323645","0.015483364830468339","0.015017835667131734","0.017064283539833545","0.17081989132940581","0.22917371649738924","0.037534087308061799","0.023213801567039019","0.029005907870795569","0.022053010129403031","0.007090910172898434","0.0098517778790683675","0.010144904621885963","0.009291021867349954","0.038494785675315953","0.11316391540391951","0.0087367665386964919","0.014340056184679916","0.017642581598624692","0.010877783002015856","0.044692852061448803","0.043923472034448581","0.035667418434624613","0.053549558625165167","0.24155166919776858","0.26263847960712283","0.030170856691342805","0.03188549734033911","0.02001147723069532","0.02237364234791768","0.077097943301453226","0.0076129052187833045","0.017168140725567865","0.016305339404768131","0.084108835296273762","0.14556390841886116","0.032529991744616259","0.017696033999724955","0.01867403507077536","0.02429913038222771","0.015692037067795442","0.0079952052049582344","0.0088965731322622841","0.042480994517886179","0.1167989677983203","0.25026862103680247","0.033047297458026446","0.0097049956907634717","0.013313556918760235","0.012689165750403427","0.005194644163925068","0.0078472891402224243","0.0090112891814015401","0.021560008375954821","0.07260471207778757","0.20451091027433776","0.033460053918994336","0.037593798193398281","0.0150035589796825","0.038445001764934615","0.036592123141005413","0.01728917071027183","0.022395509620736723","0.023042096949115284","0.13642619083407553","0.21852042898580984","0.034225749730652753","0.058078717485530042","0.037985490952545213","0.072493375139068297","0.058735505082897058","0.014039360283768206","0.0042344647491276083","0.010854545886022252","0.039792632569679701","0.12500145074486957","0.018001262526965687","0.01391408915781718","0.014983020229404282","0.030729866896526226","0.028432211122985454","0.018153145597053322","0.014279893542520341","0.019242676336779313","0.16830210953889643","0.23728313009439678","0.038371222324606692","0.025454584831340783","0.029429813557754314","0.023929198148028089","0.0048417209991332578","0.011335367326086808","0.0071885894584110223","0.011086075458586383","0.027493903838864235","0.12223569931319388","0.012629841031635376","0.012649314846804833","0.01511833469764768","0.010658524444720919","0.042288786991863205","0.051161343826994651","0.022846863602230424","0.050918025721633342","0.24307965627608336","0.22417920565667668","0.025580854588719008","0.024550353246771694","0.032524931586764123","0.010252999850036302","0.014086567045596604","0.017035391647020046","0.024946592381267389","0.014489063401069906","0.1064424485742735","0.21978919497878746","0.029948495645605224","0.027798991258345254","0.021619845522796485","0.010440133995492637","0.018691633009308768","0.026573987349962244","0.016186892991650007","0.030863320171241125","0.10399909003493732","0.20315677218112474","0.029918136759693067","0.012417140598703269","0.006343725165988935","0.010786588204759655","0.010284085384273048","0.012275527823411988","0.0061758994011869182","0.031426984898465717","0.08093192899459857","0.27439089465522853","0.018898893355319461","0.030501356708562181","0.036967448789933417","0.060721239407141019","0.026804999465603094","0.014944756354970752","0.015556575229033654","0.029323476163979678","0.088173565925389108","0.18100720345911422","0.04354013427996873","0.027651427645437578","0.033334473118212894","0.022447760848025727","0.042535224870512624","0.028722837532366822","0.017806624933654074","0.01607304986987947","0.076552206040390799","0.18015617120491559","0.025655863363980246","0.035000921241099457","0.020177322160665128","0.021853560853381089","0.033197414010879812","0.015517392343846338","0.029703775014335784","0.027098252688583156","0.12196837759982267","0.19270290053202493","0.029267897167612241","0.027438155404616783","0.024703357411901532","0.023507714821657776","0.020437749610696894","0.019834969404450471","0.015730001391092485","0.020805408798848134","0.092210492579493","0.19862237359977386","0.020056821802820271","0.01377789159937713","0.015637269080212568","0.0260306073951246","0.029785667148461252","0.011356958365449825","0.01258057361039523","0.057837088019164921","0.14767609517728733","0.0080194461180479095","8.3103068580807341e-05","0.12486236054266303","0.86394988884964574","0.0020983524816653855","0.00051939417863004593","0.00017659402073421561","8.3103068580807341e-05","7.2715185008206425e-05","4.155153429040367e-05","4.155153429040367e-05","0.0","0.0","2.0775767145201835e-05","0.0","0.0","2.0775767145201835e-05","0.0","0.0","1.0387883572600918e-05","0.00064404878150125698","0.0011322793094135002","0.0027735649138844452","0.44085139093761039","0.39831300770780959","0.012361581451395093","0.009016682941017597","0.0074688882887000603","0.0067209606714727938","0.0062535059107057525","0.004996571998421042","0.0045395051212266009","0.0042174807304759731","0.0033760621610952985","0.0028982195167556561","0.0026592981945858349","0.0035838198325473169","0.077057320341553617","0.010990380819811772","0.00014543037001641285","1.0"
"0.2457837815818652","0.031428260752252114","0.041905622645761531","0.043264050927198726","0.026071385605456417","0.031304442297607156","0.01946684626915134","0.014314342610010279","0.012509039559767036","0.061904462480088913","0.20144787609505019","0.022844131744794369","0.025248930294096871","0.014935806425795367","0.024230041635478268","0.023354774899746529","0.011323060497686829","0.031443012182122483","0.024841954009208647","0.092378170824646735","0.206987651681632","0.028240894635064226","0.034230773024474477","0.021648934786638631","0.011796859029744431","0.018243838046160955","0.012112667232512487","0.010886781679685846","0.020881956797304157","0.08806312916096172","0.22312531306017963","0.038696427550407933","0.045305960574887269","0.025161921713545147","0.058976209187806494","0.01339557723053776","0.018237719803940598","0.017967878276538521","0.029663947091856435","0.076375553053605799","0.21420490367877298","0.034202830713324008","0.032433614417881208","0.019010782728179642","0.048949667579083915","0.060168746650155695","0.021927944859676651","0.015030031550533261","0.018850218699953489","0.053713172022557813","0.17387683203846199","0.019254686526928085","0.011057957970757933","0.01284147728741827","0.014192920775643684","0.027469342980205046","0.021546277915105033","0.038238406045588876","0.029000465102439213","0.1340297134413023","0.24956121728264921","0.040101567469656124","0.032457227551366818","0.021056827562481624","0.01651165095126883","0.0087518257429445093","0.01141076197578055","0.015828209441352731","0.01921456146315046","0.051900732534413602","0.15135446077451115","0.02503582865685872","0.012633879218653346","0.020284673131673168","0.031863737305018514","0.050402379112779151","0.024824626597077928","0.017818866836653353","0.053390745409011689","0.14559621604313513","0.23926873072907467","0.020996305601812527","0.062074138489117484","0.039083535912371382","0.047845516728480975","0.027891126486766754","0.010454035553365371","0.014186583521598791","0.011794143404983555","0.06566322550103898","0.1781853496241686","0.025982969382424032","0.026754823932411007","0.019711932251559455","0.028200189787896134","0.013572055883984736","0.01375693252195585","0.020833797304702344","0.032118059970284628","0.10162654131064919","0.21527826032444175","0.033044636973248283","0.03598132404699661","0.015486629497485457","0.0073253528348910307","0.021189724775468054","0.0038862511109257827","0.019005665519617236","0.017844168493402951","0.076975930245996027","0.2193222210391958","0.04168386316042804","0.03179796701479444","0.042059575178103444","0.033742630928849743","0.020877540999258815","0.023197910550516669","0.011260638145617037","0.039573632356067513","0.090466070438601706","0.21996879842197356","0.03153193016050667","0.041318771854111674","0.023618161533822311","0.060836413727952766","0.064246774279679314","0.0098436181228783309","0.015449154734494049","0.021651860626336034","0.050572377775514529","0.15124676209377733","0.016977621140617891","0.01442212854856076","0.013842802901223531","0.017921959892074627","0.015297691071992669","0.020044733164490278","0.035759354347240868","0.037314887372071018","0.13813419209589092","0.2537450153907102","0.048826755927847958","0.031446693173414614","0.012580922802815673","0.01011956336436399","0.0060273812320516497","0.012406907097680855","0.016028513345096699","0.023836277392932047","0.041404738149288196","0.13279610526009925","0.023097673689583959","0.015141736980479823","0.016152459265167545","0.029259044887206254","0.06611696683201973","0.020673541761405064","0.027355633638314582","0.047820044311343436","0.16516402145415393","0.24676531978455729","0.039158167832796693","0.040191219372427922","0.04149809793648352","0.053953174835563673","0.026409891369986237","0.014218169935693966","0.011229378841909424","0.010936430776278417","0.053222857203933285","0.18697532368129455","0.025926678319837655","0.024709694415176894","0.019736585370975931","0.0252515096020305","0.01619093129181692","0.01107422196553101","0.029495799737968318","0.032755683199293437","0.090300858594363917","0.23689522470238708","0.03765477649160278","0.03881748380981799","0.010625918473331586","0.010210678147013914","0.015240167452771637","0.0064868368761280609","0.017094741288449549","0.01772484531102048","0.070303023389031452","0.22631675898972745","0.035531089181432052","0.033714107599453307","0.030148484141263039","0.049044955400486277","0.0237176475329012","0.016476860429325061","0.0099116369826093027","0.037686806680309111","0.076397950773318749","0.25263098512321719","0.032300232850444026","0.022919524166069606","0.020738807243957175","0.06163632145500636","0.076345049483503569","0.0092613490629009417","0.012661915312620774","0.017744346600591043","0.049825357461572337","0.15087857210507682","0.023475088024562562","0.014423651928427398","0.0070245760106184378","0.018378813279577712","0.020505538277088585","0.015294924758683034","0.035685147364472793","0.036500327939688902","0.12176946572249657","0.25743581640490115","0.04463919000953475","0.032430266352226844","0.020641830443432697","0.0060697762501754618","0.0066625221525274635","0.012773149176860515","0.013589062271293615","0.024548691104261861","0.046609699101305802","0.12503591004888723","0.018933522938287352","0.014809498310899616","0.017420933228765128","0.03976773591432315","0.058287089592959737","0.020588205099553863","0.022013820140510478","0.053384927278267505","0.16435835033663396","0.25121068788483097","0.019930877336377533","0.0095272211558081899","0.020315999951804026","0.0086990228635889736","0.011164114969424486","0.014227505402279869","0.01289705704565283","0.020529153046244645","0.091798210109500816","0.26390173320202615","0.02286875274915175","0.026691490337804283","0.010084508930591899","0.011348604215318853","0.013906172204488487","0.013422023778289523","0.018779608849035217","0.028647969043303866","0.1300492797252541","0.19409686019696992","0.010542852769050587","0.011584743055521979","0.015619159510525964","0.021508217678674946","0.016548448260504636","0.017130043649520147","0.010881247796332871","0.019911281887108633","0.096136952451538443","0.28289249594194316","0.032330116040123612","0.042146989882442351","0.041711617984097699","0.055195354778907572","0.0090184597113946441","0.0097130977078762771","0.0068302254672206793","0.024271130064488052","0.081930699585178443","0.20203741031298739","0.022003121477936028","0.0204719117958174","0.024927530576796607","0.019976654899035353","0.019240466276368828","0.02099263282122512","0.02293474194364126","0.01628096578152987","0.084374873922604524","0.23204187793145592","0.036382216772052806","0.022085591311148744","0.023742673206184426","0.0088172256314714113","0.013812167012969378","0.015492813753366159","0.044573281359173267","0.019522038259229078","0.13028979550610478","0.20740444183957696","0.039773693653414696","0.022762797558315055","0.012627332839013041","0.008129983739401948","0.008770428546503636","0.010080062425162961","0.022258294009978533","0.026567230470688687","0.074285645649842191","0.23958351975222597","0.018157712930166062","0.034143552437851332","0.013309470731954046","0.022920323503111153","0.018474426080781085","0.037137503043322972","0.022178883625779484","0.032813431429333663","0.12862125801778035","0.009987939092416704","0.0","0.0","0.0","0.00037690336197798886","0.17975463591135232","0.80610206543042362","0.002195462083521785","0.00065958088346148051","0.00030152268958239106","0.00019787426503844414","0.00010364842454394693","0.00010364842454394693","5.6535504296698327e-05","5.6535504296698327e-05","3.7690336197798882e-05","2.8267752148349163e-05","9.4225840494497206e-06","9.4225840494497206e-06","1.8845168098899441e-05","0.00027325493743404191","0.00046170661842303635","0.00069727121965927933","0.00087630031659882408","0.001620684456505352","0.041101311623699684","0.57065053520277398","0.24193426805367105","0.011919568822553897","0.0090645258555706321","0.0076794060003015224","0.0065581184984170055","0.0056535504296698329","0.0047960952811699079","0.0039480627167194334","0.0034675109301974972","0.0026760138700437208","0.0040328659731644805","0.080506558118498411","0.0020823910749283884","1.0"
"0.22970267071081699","0.041900040778000365","0.028141516639252708","0.033789366709647162","0.082326219725517139","0.034191075803235958","0.022791150117943054","0.011784793155735176","0.015482332862164296","0.051604893475139586","0.20430148587702246","0.018726890131089021","0.006781019109779754","0.0056312936254976536","0.0093270199393355024","0.014472821754296202","0.0086430260657053681","0.011619178492656744","0.035128184795935602","0.13365501517799314","0.2588104224499953","0.026974632479907158","0.0104833365041699","0.011889343716216527","0.025096424773500839","0.028219586748724185","0.011509238250207046","0.011691507867742654","0.016307070340026025","0.068046483222402643","0.16217519459174295","0.017114141311536699","0.01034354657070225","0.012228264408667717","0.030373801527445524","0.029344926038039849","0.039353559933229455","0.021623188499647176","0.021232396919112224","0.18718292999290495","0.19977853253406291","0.043161591156959632","0.044232151553719276","0.03581362037686335","0.058198499603930885","0.053280537222955858","0.014736898650716895","0.017119150202341539","0.035536608068194607","0.050217447865598265","0.1551873950348672","0.017889320285989149","0.024277863392211298","0.0060120097844028209","0.0039583796266628116","0.018289776623376039","0.0074336678338120504","0.0085068992805452832","0.020862524426873273","0.18550712094808094","0.21150840904250759","0.039356626985016914","0.029189408665382128","0.028190565713722523","0.0085196699160204285","0.028006500587667814","0.01398355693044108","0.024768411334351991","0.030193532208927485","0.068661431737590262","0.15143292942800002","0.016089962408656192","0.013479342581094927","0.0079157966678313294","0.011158320743212879","0.062565660752480656","0.018723378000704033","0.033667446634065755","0.034685482424139526","0.16790356082645069","0.24799927071500769","0.040332338321985538","0.017992764275679991","0.05138198986841009","0.074072808036320728","0.043066115350277948","0.014169400469520475","0.014173279403079709","0.013517918830754426","0.060515060686182232","0.18797742792020777","0.016101141106276515","0.0029753096640504485","0.0071960768154286977","0.0041823044898986602","0.01369861505795917","0.0059051601816868804","0.0068899154362074503","0.034054358093829604","0.14379874113867583","0.26374993275223091","0.023152937556235726","0.0089829186248081196","0.010575225115111893","0.024648630120723918","0.027286182430479606","0.0040576268490133309","0.012867679176668164","0.021881268399005029","0.076911650260571354","0.15505595776030695","0.016175910998074961","0.0064779042238288162","0.0062180759113270433","0.027811953181693289","0.027069913775748793","0.034457848131726629","0.018518229955996873","0.033427137879214537","0.20067301385564357","0.22177510165105832","0.045879248439679617","0.056574896748675427","0.042177048283804267","0.046982993373029851","0.0489451955137582","0.016419583869521776","0.017243264395971892","0.028994130464204199","0.068078275296788879","0.14501507178891254","0.015017466048375496","0.014085354891994121","0.0028911768996703478","0.0033081515732020657","0.011707485985277403","0.014495203594013528","0.0080736645438981344","0.01636196385698116","0.17597471832321498","0.2489093511522954","0.016741461714104896","0.029437728553478724","0.032737765608465544","0.0078139859118805995","0.024327533405819998","0.016583539361899317","0.0098880451391147751","0.022472514421540711","0.063244110859915131","0.14638237269475088","0.012876031250768924","0.010236855894940186","0.0061128577039296422","0.019322417547044207","0.053974495929528035","0.030890245990857483","0.018883116210163215","0.048975276237659418","0.18019028849661378","0.27393485063668283","0.028201943586004974","0.030508386979126164","0.044214085942948025","0.06610321114065916","0.046113770436898301","0.022002926814395835","0.012925048216931669","0.012653167028313667","0.069911667636875563","0.18056964155639482","0.01257205257095502","0.0044448126442895803","0.0048630470564011638","0.0046722212056639198","0.011706971608560449","0.0064881063733953151","0.0032396610317723257","0.037669914457258556","0.12720450906101652","0.28015570562473824","0.023548125424984044","0.0069548427912994454","0.0094392416382064626","0.018678890720459466","0.036187073805146436","0.0015441898234875831","0.013510943935874589","0.020557211335880878","0.09010910318864053","0.14217461397626122","0.015980345859244384","0.0073788720650168737","0.0058904306540994078","0.027084157894850955","0.021910045933069309","0.03695503127340713","0.01999238836698659","0.027939912802197805","0.19400886994949917","0.22764436169774677","0.05089671419942781","0.059592369143087465","0.033609769213450782","0.059222033512244483","0.044209328414707427","0.0071929007655661325","0.020962129580867333","0.021493899921241823","0.07034482109139667","0.14330443258434003","0.018677098742280209","0.013237331009010731","0.0031617782952223453","0.0038000767470302969","0.010993196649205405","0.013073315551207785","0.0077049470650244062","0.020190560930370069","0.17068893059563423","0.26344967277783199","0.023646912395645588","0.025101275829562363","0.031173758617559524","0.017152460551103827","0.013585145713996123","0.014854279916212904","0.0091264444112927699","0.01810744475707559","0.061215365282495611","0.14827876571346696","0.01226669460986479","0.011987959670508983","0.0047031800109447915","0.021827097682387071","0.051617146183942551","0.030975105092885202","0.028663271549676378","0.040987772311213554","0.17128024111046863","0.22744013209388833","0.030804226374003811","0.037933482069130775","0.019120335460612533","0.016324587774007773","0.02513035637487902","0.016615233083987803","0.027905913529475811","0.017905026683521098","0.098541735544922127","0.23486885723634868","0.021376070185840958","0.020099905052461099","0.016729917135577903","0.009148072167511262","0.014589719599117599","0.020045727410810264","0.016575860688860623","0.038822412125700062","0.090022422046765138","0.21365913274792242","0.038679515949223232","0.020584347475176984","0.013517730729149404","0.0075066199338612366","0.014717605961264509","0.0079542994384841775","0.026999670637860379","0.020321280304466255","0.097015760533649992","0.1861756469123497","0.026356817469885382","0.022940207357624847","0.021377001932444576","0.025916608096720639","0.021600679794994814","0.024618680402117874","0.025007810655307546","0.034895480412999301","0.15015509699280336","0.18314948795294062","0.039556992745326224","0.024845786067519911","0.027132390502766099","0.027183925852137497","0.027415512954144818","0.036038895194534459","0.029697906623340257","0.031033733164365484","0.077808803969218784","0.20966900321779469","0.019868357490811225","0.024307434345608791","0.011925439068849499","0.012734220574581352","0.022713729826374086","0.017617555886259975","0.017960362299089785","0.034372040563279561","0.1249684127963194","0.17492526096846514","0.022897619805032819","0.027815563764284481","0.016940324051289962","0.021685545749749974","0.043744381057619325","0.029234184462859959","0.028003682511434713","0.038930818641924082","0.084372200469919417","0.20026405090900196","0.035836063376984591","0.019658037839334151","0.017208844352934915","0.03036282225885362","0.018618215956659089","0.025893704878182516","0.025404015774385481","0.02436503521775912","0.11383962116221223","0.0069753504868008687","0.026339316415652292","0.96418992602198705","0.0016210321553833005","0.00044209967874090012","0.00014736655958030005","0.00010806881035888669","1.9648874610706672e-05","4.9122186526766677e-05","1.9648874610706672e-05","3.9297749221413344e-05","0.0","9.824437305353336e-06","9.824437305353336e-06","0.0","9.824437305353336e-06","9.824437305353336e-06","0.0","0.0","9.824437305353336e-06","0.00085472604556574019","0.0017192765284368338","0.13646143417135784","0.69288808983465477","0.025514063682002614","0.0093823376266124366","0.0075648167251220685","0.0065332508080599688","0.0060813266920137152","0.0050890585241730284","0.0044308212247143545","0.0039395993594466879","0.0040083704205841611","0.0031241710631023608","0.0029866289408274141","0.0027606668828042873","0.0031339955004077141","0.012290371068997023","0.070637704225490483","0.00059929067562655345","1.0"
"0.22981858568736999","0.029319920896499752","0.038449785147785437","0.040287013018205031","0.05307296598721787","0.036379594677769071","0.025387112535998582","0.015769188141893504","0.017919142819007326","0.051735659368231719","0.17647052759559778","0.017836719027970148","0.032095761501841631","0.027186839213272855","0.012168555457892799","0.031844319562042152","0.016210484110371931","0.034056538172010993","0.022389454153322084","0.091601826605223938","0.20090242617672388","0.030195478430008346","0.040714105126865567","0.018182962727793718","0.023329420653639778","0.032550304989924714","0.014408355922517631","0.022173006311154108","0.034558201818573837","0.071559531000562046","0.18293585139839824","0.019500408261347968","0.040556961229268634","0.024491466497171807","0.021011470276601968","0.049367045737968053","0.0091071084252664792","0.02541708606605405","0.028797933880942723","0.11024086722919489","0.17141038876180356","0.043961898351027331","0.059309096059133218","0.039494696130229469","0.054992140330610402","0.063523365746026475","0.02375873523984522","0.025593356283765748","0.014897414831442324","0.06486414880503992","0.17406718189420256","0.012024039971278997","0.012220261346692296","0.021695906434123214","0.020727066611820711","0.015861931872945906","0.022640249402803233","0.017093213251148726","0.028749968069665122","0.11311493384708812","0.2358007179060598","0.054090241746868425","0.031308676493764495","0.020603647469715238","0.042474888384946265","0.036942327388855216","0.017284171778855491","0.016362848842745258","0.023106484547192659","0.030312035230751457","0.093003322299845037","0.013463099409188774","0.008534759196154219","0.018057754210017742","0.011850359769092145","0.029675476169518631","0.029998088388043666","0.040918621340497792","0.071276742712709645","0.17493573338589347","0.22382234799712791","0.045170864489923329","0.028258673174458918","0.048407184298401684","0.068752604013295651","0.03559701425473704","0.016652874277038092","0.011010303911402668","0.019414774423721269","0.063075399320111733","0.14605798638772094","0.033152586185875119","0.023395654903729662","0.031309680087055425","0.018351555322675961","0.025515361849469488","0.011582450781891081","0.019320360270762133","0.045122132812646362","0.086030185698917586","0.17828842554465926","0.044847597868663019","0.024110344030109549","0.039047901586602089","0.025188043108388347","0.031434781500684038","0.010422116358874472","0.012135607171729538","0.040988502848591075","0.06908188582692136","0.15773421103072516","0.034055232441614465","0.03905174579684012","0.020388513675834059","0.037332316228340191","0.032278937118582027","0.018079609614397214","0.037860466781214262","0.018822988711732342","0.12885076596427489","0.17899238877756074","0.041891165180884149","0.056065761880745774","0.053841744158245761","0.097252464449223364","0.049155620516649033","0.021681374849479563","0.008523588107550736","0.025729155412596301","0.056904982322761415","0.16059667342804493","0.019188552671525815","0.014543770550756563","0.010594204374539843","0.016327640769905418","0.022107813849325697","0.016718503278865461","0.022115663582565084","0.025076783890808949","0.10269214210346986","0.22740571534839943","0.046806766780139987","0.028140110190912629","0.035726816691719281","0.033691545903688044","0.032677087364406977","0.015536078532853919","0.0092522335850735229","0.022526010782626574","0.024738770301614168","0.08460545615516897","0.013234709432212268","0.0069853415127230714","0.0072993972577942122","0.016986832310816779","0.028358748423373329","0.030194911155059092","0.040985412981178547","0.077906177135085214","0.21694187559842121","0.24022472900832068","0.036897328760075981","0.031407921525916406","0.045469455263534533","0.049169203159580864","0.067502809603393207","0.0055434041470136183","0.0064631875004575231","0.019315337470239207","0.055075757463488008","0.1597317356879141","0.029814645623646295","0.024254312237853216","0.032438048399254411","0.022329884097906035","0.018301130538528755","0.010113505529023539","0.019481951972602902","0.037789485391430587","0.088676161327983533","0.19564229548538734","0.044062874131834975","0.025768211488939662","0.032855988400108241","0.021931258335783535","0.039051239646304081","0.0065736406087658385","0.013436315212803198","0.034826577825878217","0.07329519284696992","0.16056435451901582","0.046227407896160699","0.025490838010707503","0.016367805849105289","0.048511008411246406","0.022787114044074127","0.018134281464656246","0.024934726883273643","0.035216242744681388","0.11432261957448499","0.18288693694743127","0.039833556475277768","0.048258268260512938","0.0589328034023359","0.074380730582910365","0.078974033473933225","0.023787560347421868","0.010221594659306957","0.031180529540883763","0.058054379735786088","0.14312282860707559","0.01705605721545523","0.014113867198820712","0.0090871678697520657","0.010776887681892331","0.040304597548698445","0.012050461217115888","0.015417797809956857","0.030564899565244458","0.10099503634245921","0.25822472474590913","0.039955720558692509","0.024819118010092615","0.042434756260993418","0.030887086333348725","0.032748439360963798","0.013599119770916967","0.010900250362460473","0.021516468293315605","0.027026200214195769","0.078454041366908756","0.015831444470060151","0.0073720195888798221","0.0054155637910311616","0.027985800147333033","0.013834731673894405","0.039915568355372993","0.03781444699318931","0.085690266942966706","0.18557423034450918","0.26645627955129664","0.016092703263577243","0.024277520574928445","0.02390506920821869","0.014096435875750225","0.016555221448806012","0.012487719788192755","0.01901637199908255","0.027457033558702767","0.088306639020307789","0.22836902777029655","0.020263353851668119","0.029266530426424762","0.012910846999620898","0.0088211269686603224","0.029653234336793097","0.011719750691829187","0.023174406964547353","0.024044193031289188","0.10312652649052725","0.21039629995353493","0.020352351102928833","0.033090722811774984","0.0067977214607087954","0.0037943471182096803","0.014215093771578811","0.018061849893836787","0.033807579345713587","0.025582334134086629","0.11851970223423745","0.21500588492815781","0.029760638220303295","0.033097457869907997","0.0077687014797409538","0.0095294014924663176","0.019642279355875078","0.0069863336907419827","0.022605198721209085","0.040824905524713996","0.13016118773743671","0.21087135869214124","0.024356384385971045","0.020385473096006232","0.016385343050026854","0.010244285245425427","0.024488333981891337","0.0053866584668723731","0.015323722308616653","0.025784255876586615","0.10445784313616205","0.24197258814164399","0.03173086901370669","0.024086269033291714","0.010066949020612882","0.010365053006569137","0.024963992471035205","0.0048844441542517901","0.017275507718769276","0.040642524687379035","0.13632813539370983","0.1948876139880143","0.057238930111022372","0.023538844744458554","0.0054736654312996366","0.022093886677000636","0.018343548067615546","0.030603653051678167","0.017615828601984011","0.054713655070046531","0.072361092275016303","0.16442241015899395","0.028616080632964599","0.031092074585923973","0.015578807976939876","0.009460027670532169","0.020138387693669685","0.02805703334973652","0.031824015172416426","0.032842777269153453","0.14109766057606146","0.00053816046966731902","0.14075342465753424","0.84207436399217217","0.011448140900195695","0.002364644487932159","0.0010437051532941944","0.00048923679060665359","0.00035877364644487935","0.0002609262883235486","0.00017938682322243967","0.00011415525114155251","8.1539465101108932e-05","4.8923679060665363e-05","6.5231572080887151e-05","1.6307893020221788e-05","4.8923679060665363e-05","6.5231572080887151e-05","3.2615786040443576e-05","0.0","1.6307893020221788e-05","0.00047292889758643184","0.00086431833007175475","0.001157860404435747","0.0019732550554468361","0.0028049575994781475","0.094699934768427918","0.61841161121983035","0.09370515329419439","0.011024135681669928","0.0092139595564253093","0.0076810176125244618","0.0059360730593607308","0.0058219178082191785","0.0047129810828440968","0.0043052837573385521","0.0033431180691454662","0.0030984996738421394","0.0058056099151989563","0.12271689497716895","0.0022504892367906067","1.0"
"0.25446597708420376","0.061324149911473044","0.016775150025830726","0.044409593925089828","0.070117127113694777","0.021953100229488081","0.018929935647041925","0.018098544438503467","0.020660315851323018","0.061439189862765607","0.15850916790015279","0.030289150736114472","0.011019069177502441","0.010069526361542978","0.012792599249263884","0.0079311134181150132","0.0099174176885896085","0.013382971271539049","0.013918595092946184","0.14399730002471003","0.24493874520251596","0.029057354779951909","0.024577634476734261","0.032592796179660724","0.018420220392951221","0.022653833926144451","0.016540854250345703","0.02336881907886617","0.017451780135114954","0.055446535869559908","0.14331249146483274","0.018460297191831558","0.01233013333271131","0.0063819969058091239","0.044044746366934687","0.038380789579771105","0.024637970053729766","0.026813195013627285","0.052741399232868989","0.14784840208462471","0.30057667553680623","0.039637993388281376","0.04084901937468715","0.040801492786048291","0.0353466501078981","0.030933612878298811","0.022187364319060463","0.018247908912254442","0.033252435609354876","0.049544375360670669","0.14040375863462123","0.010579525331221303","0.018919717447142631","0.010683027751231736","0.019593422160506403","0.012799475745866633","0.01155017266514867","0.02504789631583422","0.018580235080202238","0.12046523413413324","0.24996415966108337","0.037012084259134735","0.020245830012162912","0.013568660558540025","0.016381343056300821","0.037393164959472501","0.013891656038326245","0.01001174707101057","0.018030024073934239","0.082952298255572682","0.16176083904097738","0.0134602143951185","0.009367269114282973","0.01297112958954532","0.017701445184864311","0.03789856099746948","0.060403030650531965","0.038457261289538656","0.029660732172148908","0.1188685437524875","0.27102571173713336","0.059087174493970898","0.022748056630604328","0.040613453837809295","0.083460204814809147","0.011069520288852297","0.027540922090447364","0.010459482431369843","0.016855799555214941","0.050825394489515889","0.17605343751076277","0.014408019221111875","0.0078631898554677743","0.011779541083454005","0.0099800217938265101","0.0028422606054946116","0.0051427091172350278","0.0085611046171973851","0.024804804749365906","0.14487918696041083","0.25266132475529163","0.026731121630081577","0.017889839280086858","0.038272852731663129","0.011142121903492001","0.028242284249226951","0.0086865039947017306","0.024809242880815804","0.019324205307402725","0.065490342234777982","0.13341088878806523","0.013428255524773031","0.0044401731830333944","0.0063209559675284034","0.033286292496757741","0.042980344974161186","0.021929916229856228","0.025874524797730565","0.049991317512823312","0.17508748803865151","0.29699668926906198","0.020709523821234598","0.045895546105123551","0.042357329242895488","0.056131900607072752","0.014402848082150364","0.018471288257519956","0.0046294414875495586","0.029642517219342454","0.072491712597062177","0.1228486251652494","0.0096683470739587531","0.015461585280608698","0.0086256156260352112","0.017648050856820474","0.011703762101482195","0.0070599876815461426","0.016932395139404494","0.021644029255569484","0.16667879976495015","0.24189391178472197","0.02336027307473839","0.02244558486040928","0.019159487825166278","0.0072026567883368324","0.018084753462138906","0.023445261426809985","0.0070145802785116351","0.012759883094129005","0.077527267727765928","0.15020646956465783","0.013293576165611443","0.0048915931965461817","0.012956779813829698","0.020704611878382167","0.060269389393117226","0.040129116514900594","0.04490272278827516","0.037922977158462295","0.16182909782538202","0.28752941100286822","0.044791150774467645","0.029658868718450644","0.041432657403701036","0.076848152161829886","0.019493150772402656","0.026622667281471057","0.010684899623000029","0.018686070082246396","0.066495854432305768","0.16188715210205745","0.011173667676831278","0.0060092781624315732","0.0098721771733309566","0.010867490845041216","0.0017395450429886752","0.003817387217355249","0.007692302864410562","0.020785587847814795","0.14391252482218184","0.2512590549465597","0.024814912189629931","0.019051679256765187","0.035731019911490226","0.010916909346569022","0.021352091322258036","0.013941835121230411","0.022627732535617354","0.01923877332216543","0.059980062960036079","0.13986029961245824","0.012040410136346449","0.0071647214351663203","0.0048793517132116404","0.031934537755492098","0.036605231776542069","0.028839400095385354","0.027999437626537976","0.043155850257368025","0.18860668526267196","0.32209614005018761","0.027605045484113334","0.043552020209351783","0.044644421994622339","0.056326038174388041","0.013044950465085184","0.018784678421996062","0.0037058243491167393","0.021447101685051095","0.075183404062335299","0.13123441890793416","0.0075805540963461487","0.013732563781689775","0.0068758890670668335","0.016175341380390583","0.013203599364395203","0.0066743573801144613","0.018447383803453749","0.016336877015453156","0.14334938506655395","0.25697125535118148","0.022034077098594649","0.02305293261629969","0.017868158814466583","0.0075889042796833516","0.015451430946487311","0.02117641400269453","0.0093324772896842718","0.0081284870502914258","0.091854765276605771","0.13817406368772445","0.012105743596817146","0.0049013454335876611","0.011174509092429995","0.022117497845170111","0.05281308032551392","0.049739315185403345","0.040000008301742003","0.034338493020034576","0.16117703544157497","0.22002942025256494","0.045314916622007193","0.027700219737216543","0.026292722275926817","0.014131031368204143","0.029802226804022541","0.013543472860208749","0.022236107498662113","0.028481491116148415","0.097674939544644887","0.21536385629869992","0.042769575261268046","0.008732712950539007","0.0070140695093445409","0.0059831261835819024","0.015050067769696895","0.0073969845955844772","0.017954863755000869","0.038809566545804836","0.11571862195448505","0.16258733684554935","0.042602705788504683","0.031982203146292319","0.030872667230825074","0.020725772345618784","0.025121507292854003","0.01564088799477565","0.031417531956803205","0.035280535807257679","0.077309866959169637","0.19204676460184777","0.027021739134983666","0.017743092119429503","0.022806831100512855","0.027648667795582969","0.015796120985597014","0.023123703353450775","0.030709872702967655","0.037712993456528059","0.13184919240814105","0.17091595929246478","0.04685322798930279","0.040436154513209741","0.040335521188315092","0.027524676448339579","0.03347182366748639","0.018824513237390299","0.024499473589767617","0.039529220555083663","0.10817027795822397","0.15439634297112736","0.016607526678908316","0.016570370090310021","0.018297182857410291","0.017343655877641959","0.019256727970497472","0.023212330439237282","0.016816046763066129","0.036890670725981158","0.13004828814961286","0.18382537594994","0.036249397499908902","0.024438375866913383","0.015774470269936565","0.030140615041383389","0.061485398185553763","0.017836132040378986","0.024385797611837224","0.026296724459399561","0.10118861613262921","0.22215986459915302","0.012421730619939488","0.011459479187045216","0.02648560078701169","0.024502085750824243","0.018609794781965908","0.019232177441611341","0.011799772665162842","0.043451548895184038","0.088257036144096024","0.0090858313163284313","0.00017687581455967232","0.1160863898715323","0.87009867808601749","0.0032954757028486317","0.00068888475144293431","0.00022342208154905977","7.4474027183019919e-05","9.3092533978774903e-05","3.723701359150996e-05","9.3092533978774899e-06","1.861850679575498e-05","2.7927760193632471e-05","9.3092533978774899e-06","9.3092533978774899e-06","2.7927760193632471e-05","0.0","1.861850679575498e-05","0.0","1.861850679575498e-05","0.0012008936883261961","0.0038633401601191586","0.66298640849003909","0.18794451684974864","0.0096350772668032016","0.0078849376280022334","0.0068143734872463226","0.0057438093464904118","0.0052224911562092722","0.0049152857940793146","0.0044591323775833181","0.0037609383727425063","0.0035375162911934462","0.0029417240737292867","0.0025600446844163097","0.002848631539750512","0.0033699497300316516","0.071783652951033325","0.0082573077639173341","0.00026996834853844722","1.0"
"0.25301674969347637","0.046423006364851041","0.030359933232197791","0.017819167376193139","0.0232850296845733","0.020463982316975115","0.018821948686440031","0.023158199521269934","0.022717202627983095","0.060919509382517591","0.18539572978349061","0.028995313607819033","0.023988049749279046","0.012226084343655472","0.025026865825125252","0.021782903163245014","0.019183965963766515","0.039073889094079911","0.034178468810380773","0.093163994533905004","0.21508681662876181","0.01396345363208192","0.013551512397351135","0.0097363040712394461","0.0050738718148931527","0.018534247373514268","0.013080145065192793","0.013022049761474688","0.012611988060071702","0.082195370978406776","0.23614510402801672","0.042960656493484614","0.026905865053070122","0.032291916639269141","0.084547725598082227","0.03097171320390989","0.017647902714430209","0.011615957560998095","0.026512460803402846","0.093544932477642756","0.28007345613001644","0.045645116268695156","0.032985703027089128","0.0095127770824794278","0.026023667793349178","0.03248770189190546","0.0088714266940731722","0.0094319576908188877","0.02022340083884713","0.049499257060986193","0.16203196685886972","0.018875282666352647","0.0081177704931411476","0.0095630863510906342","0.011187300892879049","0.018787037098551781","0.031582622661610008","0.023065953424624055","0.053406429218697322","0.14862807918709522","0.24648266059950877","0.031939066921854796","0.023419017361636759","0.02489890216226269","0.011941949670439244","0.010170288692017639","0.010954655457622611","0.0083685569792960185","0.021255702600958132","0.055581410165605603","0.11057381255350318","0.023512956695437813","0.0076057574486394983","0.036334536849859878","0.060532597380301603","0.066223490169596319","0.037684930868201495","0.031065586242179952","0.036205059863248241","0.14524905801100993","0.25706228443484691","0.040986877041819782","0.030347354366565046","0.020973877126906779","0.029116152048879167","0.021952373285989882","0.018793209098726227","0.0084111417200179676","0.029518151488986115","0.055676140098718296","0.16310464438592362","0.046535038039856841","0.020587660513017324","0.0044275978136693464","0.031848517855570899","0.027003381426555065","0.011965231758553924","0.040383827506562657","0.052463212318445911","0.088843321720491697","0.23714327711614885","0.020491155645417525","0.01886696941842015","0.007109995268271556","0.01620300806612195","0.0056457583439684352","0.010862019239204591","0.012569916601851139","0.013539030612625571","0.075084822118441238","0.22107550502616863","0.049316951616580749","0.034484427223074487","0.023936618841002247","0.069502770177711448","0.039134815533665587","0.013154413241163012","0.02449617573066222","0.024989908909523222","0.08239245556904079","0.26144797981355666","0.053087362811075289","0.017288896946258667","0.019548152062036833","0.030734441530555098","0.032348313385350887","0.0071797752956911627","0.0057027378002273412","0.02520622142578802","0.039394295930897272","0.15656486660146651","0.015959607723628526","0.0095119029098294366","0.013811355306101392","0.0069626141850634661","0.015082235846999565","0.033375186741181478","0.035427176441065543","0.048692554471802672","0.1726743161166025","0.23906436259630912","0.0368859466943545","0.019358473126543718","0.013359855372032266","0.023674650114643234","0.0086990607870837504","0.0089075739679037296","0.010278922756491551","0.011163149786733153","0.054760360851810193","0.097326069618311001","0.021913513584589039","0.0087378628102840056","0.029211677719702907","0.057721439001223278","0.086565422504017955","0.031063081666178497","0.051555502517304522","0.017199104545904439","0.17255396731792061","0.23489423226030057","0.045159340515873267","0.031561352960274645","0.020758674486440819","0.04253339716269678","0.015068392878312974","0.011806062657462492","0.012526647147349912","0.029383616956472118","0.046917366483461495","0.1609326678915298","0.046062938421657283","0.020859170354692227","0.0045033008044699854","0.03699965586799412","0.025851714456758931","0.018921945907900681","0.033727873578077321","0.047792791924340744","0.11373885148255924","0.24558915371660708","0.019099108456808782","0.012257759999289037","0.0075837245946565827","0.016269428375915475","0.0055246855445336375","0.011002087520909625","0.010685347755545409","0.013863395261471833","0.070208387308845557","0.21994758691470964","0.052146693939842066","0.033349605768080035","0.026977954746864468","0.071401945739720946","0.033959910719733206","0.014350966568679088","0.015040121194151858","0.031151786650257023","0.089590343491159602","0.27549292715007873","0.050441420020341896","0.019766050005169962","0.01230196507868842","0.032256580208024063","0.040296484170181092","0.0079733484478744648","0.0084235313092824952","0.020434795832437454","0.040880481092319398","0.15729888265538552","0.010615880873788191","0.0086654711762217673","0.014331912049864228","0.0081122632773600357","0.018687862571259945","0.031711795175295029","0.034337220124660332","0.044872816888362137","0.16309830530783348","0.23156809367468226","0.052697766418679397","0.019440471608775212","0.010783102304564756","0.02207571162930742","0.0074983165855361193","0.0095260532277753086","0.0059941073298004277","0.013840363734878229","0.046569029367958953","0.098447043310418578","0.030400489407846617","0.0041743694113388257","0.023094513737792439","0.066829850349678643","0.078118645571417539","0.038636811115808682","0.04329124008334833","0.027236748979222573","0.16977726961902703","0.25023536963198006","0.031311149786569105","0.01595265898813714","0.0071751796807924591","0.0072625300037325756","0.0088828672963744207","0.012993054211490898","0.011324872674179035","0.021014848203091838","0.1107272499126274","0.26431137378552327","0.034616783555185014","0.013532906651160647","0.013820741748335466","0.004887678907467565","0.01392132007237216","0.014220840291766877","0.013984815512083526","0.016007512651022637","0.13381624041208046","0.18861330203058538","0.013302353593575388","0.017197391035375612","0.013766784552846601","0.0023557227857820074","0.0064293039735210718","0.018548943684476151","0.015396497035792258","0.016306355113673236","0.075723199747619027","0.3000998453718472","0.036004602774656037","0.02608751736964807","0.035988051674512987","0.080044240989958645","0.024687552930751155","0.015571110073569169","0.0086921329972620524","0.026831260612376166","0.078353827186928515","0.257645419606362","0.050098860201909227","0.011850886432893426","0.008921934308564616","0.022508998155641696","0.020899365296142829","0.0064841516857646209","0.0116285999619313","0.024338365573145646","0.060638005211622943","0.19459422080869185","0.02756147629896755","0.0065074528217983364","0.013064499168947087","0.0064983528684515093","0.010574213299938247","0.028043562465223333","0.029948045653536988","0.048510828761083799","0.15968275534655219","0.20786563436350858","0.032709480740412078","0.029677967977116682","0.01721086247444123","0.009431943433292421","0.012902856127592536","0.012025331225947695","0.016034753900668174","0.03733420398270109","0.094402099537284789","0.20584315728540728","0.033586049166587237","0.025705691665621134","0.01457693114634853","0.015151973998257134","0.02931091821885979","0.013451954709984107","0.026693597102979128","0.025657524908403995","0.14042706216863743","0.020337301587301588","0.0","0.0","1.9841269841269841e-05","0.0011210317460317461","0.73854166666666665","0.23701388888888889","0.0016170634920634921","0.00052579365079365083","0.00031746031746031746","0.00013888888888888889","0.00011904761904761905","8.9285714285714286e-05","1.9841269841269841e-05","3.9682539682539683e-05","5.9523809523809524e-05","2.9761904761904762e-05","0.0","0.0","9.9206349206349206e-06","0.00031746031746031746","0.00052579365079365083","0.00087301587301587302","0.0010218253968253968","0.0020138888888888888","0.28640873015873014","0.46117063492063493","0.095952380952380956","0.010257936507936508","0.0078968253968253969","0.0074503968253968253","0.0061805555555555555","0.0050198412698412697","0.0045535714285714285","0.003472222222222222","0.0031150793650793649","0.0026884920634920634","0.0033630952380952379","0.086339285714285716","0.011378968253968254","1.0"
"0.22414104613904992","0.04103131565362609","0.032994056395778841","0.027231769709485223","0.040709031289183809","0.06267308741112429","0.022827081455083751","0.023868605625487867","0.034997905112583362","0.058470695757818068","0.19968228094407295","0.014769601902228618","0.016252335781669302","0.015948683807223488","0.016941989150416285","0.0078081144712000153","0.015637402396641509","0.028896102274829635","0.027900623187489478","0.087218265439501577","0.22908794464365631","0.045394003661404433","0.018348465557687058","0.014025236093657157","0.028674610445819346","0.033428911443785375","0.015379032154036867","0.013297718701998883","0.014489922406287025","0.086122456768851594","0.19839461530038333","0.0094813443121610063","0.019146045965695489","0.011814921764345969","0.01636435123506479","0.02759601600168923","0.024822980551388395","0.025359492176973253","0.024907274041028826","0.14386465161562381","0.2071708793822187","0.037735136234302392","0.043479372633873532","0.050752209048766289","0.030585107531379427","0.066409813434943135","0.032012210422235461","0.019023745773995154","0.030998867220425351","0.046356528886247139","0.15585392693758671","0.020980669061637171","0.018229412815947595","0.012038256947987361","0.023602688306155299","0.017438077430121431","0.018139732322464061","0.021949080254290577","0.040484705235588218","0.10675957463916617","0.19953318498496322","0.04047640737544219","0.021352729974767403","0.02191571805822479","0.024304587586500243","0.026220115871919844","0.012988285192752209","0.0090618270132676142","0.026667469631416293","0.069653482494393806","0.17353493882077139","0.018862926237791539","0.028626909008404783","0.029727218601277351","0.016988124636101012","0.027996976361426062","0.044696220898725478","0.042046164100033166","0.058669324329604346","0.106677382866621","0.2212338990178577","0.044194285533706287","0.029820144661376224","0.033943384570071448","0.061758343342825477","0.050145769553581084","0.043377532830710705","0.022766151164214706","0.019166985285265944","0.063516121346086057","0.18662984762497631","0.019247251860888048","0.010155898390656014","0.012488924434443778","0.018785592574436932","0.016090197276687253","0.0080675609848134353","0.013143857650298145","0.039739927862449391","0.085728318623239375","0.20192894753613602","0.050548033805378118","0.019726915839788365","0.012243533716820666","0.025843362562888297","0.038283022950057491","0.0091356602069420645","0.019584675499416847","0.022277374741182986","0.071819401694365542","0.18526471630337568","0.014793415280565183","0.012284844049325372","0.012423834752661709","0.0088245659507318833","0.036180421499001594","0.035646911693805142","0.018766665442709565","0.02779687212568192","0.17662681989424309","0.17101107166280766","0.061374917283429947","0.033399534563191363","0.069712153698310936","0.023877953164085353","0.086904924870697633","0.024442801391109693","0.014755583671006607","0.036748657117796298","0.036443969690286813","0.14015047660100538","0.023142623104312497","0.015973727340815817","0.012711098060832123","0.018978536616542106","0.027186361430310654","0.0038339601235658806","0.02886160649334259","0.046552237371892312","0.12393780080537277","0.18880153161410465","0.044397254645443439","0.018216045034719797","0.021514643267945041","0.02582191840655531","0.024516065296004624","0.011723119044319393","0.0087285806346395749","0.028022950926465985","0.054799445950184808","0.17574277468629698","0.021264925402100933","0.020052770718307439","0.026676570636510518","0.015969953042209262","0.030553553266323415","0.03734260954807523","0.045664252453974249","0.060656602927927517","0.13953442697541693","0.23573383434555581","0.037989602286533461","0.031761176687655795","0.034865046148131587","0.056076854215275314","0.05725510026695306","0.035201174493564982","0.032452154640062701","0.019583726861222801","0.072066133341785632","0.17283483978716516","0.01927431170438829","0.012343787076272541","0.0075535348039233721","0.023381880617850324","0.0096986622745342602","0.005803129894204141","0.021187931897714077","0.032486501536554489","0.082450611956200459","0.20927533736798051","0.049572855260657966","0.02187754406495495","0.011404286126528248","0.032865287831665896","0.032449821445258674","0.01147326973550054","0.018962000716447984","0.017404049236836031","0.088814881925857944","0.17167327350863379","0.013240212347817588","0.0097234591867365293","0.012792743664029875","0.010810232767819684","0.033061206414876552","0.039596500127518537","0.01711973732823608","0.027490375181740294","0.17039292141069426","0.20807590508437349","0.039602992929325342","0.036403014398676659","0.058451107507131735","0.047223317973088444","0.087424934697316811","0.020241693687802723","0.016916388964231189","0.030345067791849988","0.044123639856360967","0.1267398251736723","0.031118243609369902","0.010601785172991141","0.014054005433797629","0.017484323799250384","0.025667143370720697","0.0084175346702140153","0.020792114679235613","0.049789681558312322","0.10652727494542233","0.19616422545990989","0.053073662103226629","0.015420006374873304","0.025157589682831973","0.017428174945144734","0.027336925956781055","0.013764522850749953","0.010933113464584901","0.026728849300581628","0.063200689485600064","0.16605362168060589","0.016167662134237034","0.019302908808842081","0.030637290602779334","0.010641678176124013","0.038456611057028994","0.030915230860101481","0.047971431686892677","0.067695424894458817","0.12295037511299102","0.25742142075779395","0.013467231159696941","0.022343299489865985","0.015693300388734781","0.017726002419258705","0.014696842933111267","0.022745843081911382","0.016749099819866057","0.01730267097672895","0.075337360627103875","0.26183234783453257","0.031751899518167932","0.020224685197695737","0.021801009718098088","0.01112619859388219","0.016649226146834131","0.024915885644089818","0.01395325973384254","0.020458637603179716","0.10380377105876279","0.22022866813873704","0.024436527997331533","0.014083066790642747","0.015819839769563301","0.015048423953193744","0.020041215069640954","0.010420446707309156","0.016516952070799132","0.018891702552726205","0.10401775567608885","0.26288437165146261","0.01345304523884183","0.008635929429415037","0.023447951657530931","0.015421416086233503","0.01257715171658901","0.020976739563105938","0.011536658714095387","0.015924960781976281","0.15563716994161725","0.20661611679425201","0.034155088570985412","0.028255279526260307","0.016398756339338169","0.01095688710379132","0.013628668200640435","0.023450569690687741","0.020590128009088215","0.04636763347966457","0.074427232252428449","0.23591543384206798","0.016680228311305244","0.016594465137612265","0.02268995717941601","0.024627389138384543","0.028237303945565805","0.014867902983725504","0.019215166598206788","0.024310308151316014","0.12201547766101499","0.184834127259456","0.025740049152457169","0.016491590427599886","0.01473138023557616","0.0028931805712791745","0.020242753652848382","0.02548655835145873","0.018886601014893527","0.023676876272424263","0.07874287945694744","0.2391649500600837","0.032203249574577583","0.022626945259215148","0.020892041082385595","0.030701556934666599","0.020494336678525654","0.031075489510596851","0.033554917002606939","0.045656181334744063","0.11190432964241234","0.0034175529010984211","0.0","0.0","0.0","0.0","6.5512196187190183e-05","0.0020090406830738324","0.84058698927783726","0.15019762845849802","0.0018998536894285153","0.00070971545869456028","0.00032756098093595092","0.00024021138601969732","0.00013102439237438037","0.00020745528792610223","2.1837398729063396e-05","6.5512196187190183e-05","3.2756098093595092e-05","6.5512196187190183e-05","2.1837398729063396e-05","0.00028388618347782415","0.00055685366759111656","0.00074247155678815538","0.00079706505361081383","0.0012338130281920818","0.0024457886576551","0.29920511868626209","0.5180704474483","0.036402943681348679","0.010187146507108074","0.0090516017731967768","0.0069988862926648179","0.0061690651409604088","0.0049243334134037951","0.0045421789356451863","0.0036468455877535868","0.0030026423252462165","0.0041709431572511078","0.08591924529949993","0.0016487236040442863","1.0"
"0.28514267820421152","0.050718089618854614","0.012957165892483177","0.035446246912197672","0.0178874726297749","0.033185208629209213","0.027827465799725431","0.02439788376991334","0.018590103065073683","0.053408673678195386","0.21815081689009164","0.016060525122089473","0.016593842716808329","0.015620269995512463","0.0060535783970566423","0.014264411943385118","0.013173326796936401","0.02369316376663223","0.019376836725769394","0.097452230547498311","0.20605452628961768","0.053111465460454553","0.056425925784885825","0.044668120980475262","0.092936270254506931","0.049733045618691053","0.012796878301441307","0.014649480914133957","0.018520973208593972","0.059828167661742447","0.10828617326168068","0.025686678421102501","0.0075293955605519446","0.0084945611937062952","0.0082399552529702456","0.015602642888494165","0.022764590836689951","0.033292204573749665","0.045853208994716475","0.11552573207676343","0.26022334383974333","0.030254367922175566","0.06373888763970334","0.025949241734999098","0.077602060601625347","0.070832368848290042","0.0062483127135580172","0.011199625214883224","0.014487850635203218","0.063101832750730905","0.16462845908630944","0.0093462749025264805","0.014800298974307487","0.0056720331650470341","0.0082167466779297198","0.0089881370287397747","0.0098494549274680942","0.02265342185233361","0.020817999499386793","0.1113892765554395","0.23039061984889433","0.039328325511851447","0.022893900261246138","0.040777782336503456","0.025293010954304179","0.045714672245562436","0.013586568779105933","0.015331932219828587","0.024391791856171758","0.086591045804617017","0.12890080272467336","0.021646215925803271","0.010815944535992579","0.0063782032276882318","0.010408932927593486","0.026200452038365723","0.03847755535251457","0.034049788083753529","0.051934168715575685","0.12688828276311881","0.29498251660824187","0.052030564734742657","0.020295284089880603","0.034106328932215386","0.020738876993681644","0.037977423384368596","0.044110802713107418","0.010860701214956798","0.015941551461712323","0.058608566523540767","0.20730397306314796","0.013014892572121604","0.0061259215346664781","0.01621730444810494","0.0075157168085584107","0.0099290751614705148","0.015852615351658658","0.011382599720555579","0.041790704482937431","0.081214571600696617","0.20317838237742042","0.041571749788133175","0.059859090870064718","0.035593239936680149","0.11230200833928627","0.042856109265505642","0.021763639648835872","0.015508112555916819","0.019061712979837386","0.068038635068247838","0.09580294335304379","0.013324415344187934","0.0078715363106180575","0.0020316937603721027","0.0094167944486508066","0.012600322368083554","0.027488092973901881","0.03423227316140607","0.043552117894801408","0.13394712779446957","0.24977319811817886","0.029021058157677856","0.064165714012449304","0.034811597721783022","0.085347439395779157","0.066372323625940255","0.0063001649508876798","0.009055068186101663","0.015580075268181098","0.061442420755579499","0.1459671812334663","0.012033126439301149","0.011097892449782787","0.0030316749743636859","0.0054242238599887509","0.0059981008227626541","0.0082985882470857711","0.020630478177851571","0.025087994801554259","0.14056167415469381","0.25119166432501494","0.022196275400635124","0.018786898892821001","0.036275113247958811","0.034923741119538464","0.042080625657541101","0.013931220515536389","0.013195096487292073","0.021249529559510365","0.086007116691837304","0.12304725232232212","0.015965751054572236","0.0115614971684756","0.0066088912923951545","0.0088356168888980239","0.0097331616861930943","0.050274670082881563","0.036598335951960173","0.057495871508487423","0.1400416670015861","0.30674389916830264","0.047754979479182148","0.019639989753968662","0.023809820590945118","0.019714587771746998","0.040137059322874036","0.028299539584990464","0.024245858931484537","0.016925424496717769","0.068042371513154634","0.19198671060444619","0.015487873593667859","0.010641638528566122","0.010143429188662789","0.0077638950601550188","0.0090829240412027574","0.0075785174753932325","0.018734210984091712","0.035069465709366414","0.098197795570518581","0.19259083197558036","0.037285134921778949","0.065952204510154197","0.031760739116205708","0.12490419355035358","0.031286567771792125","0.021624534308974704","0.014795472077257206","0.021663653111222661","0.072409189585672953","0.088076909868621781","0.014724354142905868","0.0063579381892688337","0.0011105051281824487","0.0091983425179098331","0.016962055091876517","0.031169392966960363","0.027191453405654219","0.036778154894569454","0.15415837118070003","0.25563929382799999","0.037801957379320392","0.061178083338995326","0.028543302710187221","0.071394540498926004","0.091586192921931417","0.0032756384638692438","0.0077048645803849515","0.013841424686633482","0.056824473774493123","0.1573168347810186","0.011212475161018476","0.0085669316223539252","0.001931323373734596","0.0036289166688472877","0.0046860144364347751","0.0053837048766756778","0.022199549506120693","0.020538967266544406","0.13674550560500751","0.25098497136839165","0.022698440492548211","0.017366139977660022","0.035683081292056759","0.036394131341374217","0.040892329023492678","0.017630171904991269","0.0076241966485612973","0.019592077014227965","0.080482227761627861","0.13126924026197204","0.013977778515712762","0.010725473909880301","0.0071747357604101548","0.0086804522667977193","0.01883958447760567","0.048057245202069818","0.026824398248696434","0.054237906717809273","0.15086541477201804","0.26757271693193496","0.032664192216444746","0.012184387882675653","0.016651859399429484","0.0099220559717439274","0.013201316785874872","0.01825954784969732","0.013222974821364399","0.031559940252874077","0.087906727878254945","0.274585763346889","0.011054401812171934","0.01378032261869578","0.017431692184394599","0.0079995494469862344","0.0098911208809757817","0.020110845799824514","0.011546544039579679","0.010660343381161163","0.1197936889589694","0.20280530176933526","0.039969695733257586","0.046043476190752483","0.024996149374649959","0.027546324939114231","0.031994475476267464","0.016031536161646192","0.042000370000640053","0.02737931986681862","0.093425119342361015","0.16591839839121059","0.020869441893471657","0.011258779259387144","0.015276955085608534","0.019432946551746752","0.030220740494013663","0.028535143225551458","0.022113751759962039","0.031835639746981406","0.1023464285237919","0.19717057274873387","0.03793467925475634","0.021323929334013","0.03518630539953798","0.027753347973477293","0.047716196425281153","0.013914608675170503","0.02750717457034749","0.024733146133131191","0.086485766906849879","0.2175974383002591","0.027353760995938749","0.019868475747823945","0.0093767112911440423","0.0078859946996510683","0.010836623227044017","0.010492225032367264","0.018336006794455673","0.029871553340287904","0.12865547574173408","0.1824677466659293","0.05494861511136629","0.023635449745002278","0.031326610564214277","0.025768298943190736","0.039668260208399371","0.029354701048306793","0.019522954205251544","0.026161386234681821","0.095149975165451511","0.17168262883896812","0.021366259343441961","0.013255436778839029","0.025821327900205082","0.027753182421720344","0.015937560971919371","0.025911948576555446","0.023543387517249457","0.045448273010416415","0.10127599029175484","0.14935750482625482","0.84569558397683398","0.0033632963320463318","0.00082951254826254823","0.00024131274131274132","0.00015082046332046332","0.00012065637065637066","4.5246138996138994e-05","7.5410231660231659e-05","1.5082046332046332e-05","3.0164092664092665e-05","1.5082046332046332e-05","0.0","0.0","1.5082046332046332e-05","0.0","1.5082046332046332e-05","0.0","1.5082046332046332e-05","1.5082046332046332e-05","0.0013875482625482626","0.0025639478764478765","0.19873612451737452","0.59332770270270274","0.02360340250965251","0.010135135135135136","0.0078125","0.0068321669884169886","0.0055351110038610041","0.0050524855212355215","0.004569860038610039","0.0046151061776061779","0.0042531370656370658","0.0035442808880308879","0.0034236245173745175","0.0032275579150579151","0.0044039575289575288","0.013588923745173745","0.10190938706563707","0.0014780405405405406","1.0"
"0.23366115075720562","0.03998100604105409","0.03081188101130029","0.02781722866564789","0.024953507088083596","0.032765073260459833","0.01382154238118072","0.0095858410119100141","0.012559308966162894","0.083951553414679317","0.19033544675611797","0.02497980726166716","0.01576307673666337","0.022234668608151983","0.033710940140430516","0.025939121155424263","0.017602845033338876","0.01729970956517296","0.03224035467287447","0.10998593090945366","0.21804120071529495","0.033028772204483241","0.0058409157563300094","0.01771319031354552","0.01311112036699085","0.031972092989458557","0.015306200845312985","0.0096828729242814451","0.033496495362256254","0.066426427290324913","0.18539380675649944","0.0099186840847194108","0.0071109187861287853","0.014199571245993234","0.061411105193838356","0.083238435810563532","0.027486888679236168","0.034393112428372737","0.03179207594619228","0.10043610664412533","0.25956659426169754","0.036871984997914192","0.029794402033441837","0.02910202184769237","0.024459522668628619","0.0171920323680563","0.015332959624679661","0.018260464547070858","0.019297137911336245","0.046987152994763172","0.1784470259588011","0.0086212974551528425","0.009497589180880589","0.020107562884291181","0.011696626357095901","0.035452944827521052","0.028716378943719555","0.014550371816233788","0.036530024830716136","0.15951589799523699","0.193781677506459","0.029668045855085329","0.023871834899347306","0.018058518625492511","0.023214432442470671","0.016073995058554575","0.023813728234702205","0.017666073230893413","0.019993700281770457","0.06762245870185063","0.1719324110458417","0.022249955094403299","0.025501796347343588","0.014077918286148934","0.053087308743505292","0.085064344840711126","0.030592030517184579","0.029402424045072064","0.046409723088264014","0.087917618409132689","0.22681074292341491","0.041326942986726879","0.030982792280088663","0.029971040835184055","0.018820959899976251","0.032385834527299408","0.011898790036603818","0.0087934604874069424","0.021624581638689997","0.074466350406172985","0.18032084406454968","0.021691907754053101","0.01720499350090525","0.019518597680768825","0.031836775587570552","0.033619519317499687","0.020900511224327449","0.0138940511690939","0.031043654926486638","0.13288764298987987","0.20923125997719724","0.032523318725583235","0.020768865997738768","0.0091149171490092617","0.0088116479639562088","0.018386212763962927","0.018666820121339862","0.015223150954606282","0.025339039507858072","0.077071319725241658","0.1621043531494073","0.016884969705834467","0.0052466562574338561","0.013539520923415139","0.064015231680908849","0.10011834013782926","0.023533821611153475","0.032574295136091086","0.048257875605798403","0.098588377922182502","0.28068901046850175","0.021718891197639645","0.030659238039781062","0.031930637649666214","0.01874439261165756","0.015927847307161628","0.010192369079333944","0.023513342457043764","0.013328710796873576","0.055707291245809289","0.16474651565083961","0.014396382680342722","0.0095452692654185364","0.0099123189006339076","0.031022492957127869","0.025966901328409772","0.019295034714047074","0.015187942858309121","0.04249081530778924","0.16502458919376967","0.19202356857643704","0.033195763204018416","0.016347808068596412","0.019338607752118118","0.014296228842308774","0.020615633306554339","0.026185464372018286","0.014601227638299328","0.024586563392025234","0.05437573403977837","0.15976094383912076","0.027817725180784653","0.021152214409072931","0.014895440311064203","0.068521248397583182","0.088657947516638594","0.033974118332847525","0.028157003512881831","0.054682507530289866","0.08681424769510547","0.24450970053254345","0.030608589919281122","0.037836122556966931","0.019743517192070188","0.020397596800873684","0.038223871106455365","0.013139381699366881","0.0082092800689842673","0.016549928083186154","0.0827115343928395","0.17757558552157476","0.01896701012536512","0.015677429612099079","0.020261745270937055","0.023977143792393421","0.03943245659774814","0.021143502438350427","0.016248452716319365","0.030423419945662108","0.12436372612925832","0.19977489625711442","0.03327132484198933","0.02081629963942162","0.012979271945514079","0.0057181000175380962","0.013788988291586236","0.022733730064012223","0.012269885537941677","0.028369828624501072","0.079048090047041289","0.15551923440731397","0.0087722444245903614","0.0067151260543412633","0.015564179191160257","0.065850008915286071","0.1051065693263683","0.023566585618925686","0.034619030346593728","0.040956557469191079","0.11456004412784107","0.2858967299166652","0.023707916968350954","0.033817053895139712","0.030311899121886164","0.020605228370605862","0.018731567378615074","0.011006152009302465","0.016069028351676944","0.019411859629912476","0.046493353603230737","0.17153157615039547","0.011567664862846463","0.011902236225335799","0.011579820392850255","0.027185300195891854","0.026586421193024731","0.016542711030795361","0.010103518333593325","0.036481705112387568","0.17046825112672584","0.18619057308541212","0.035422851165307974","0.019449508327373806","0.019371761469041748","0.015591903445731265","0.017372824858644016","0.020077013901710863","0.014444316818767965","0.023614859023804096","0.061007066401457144","0.15721876082417804","0.02658960834129815","0.021207221898081746","0.020244838513940561","0.063262562110289022","0.089255821644380923","0.027859011404258102","0.032955897283560874","0.05237062319492413","0.096492972329891138","0.23458444014262406","0.019679754775258507","0.02158529838528371","0.015796054717322865","0.026726228711360257","0.021578042937295441","0.020593681588218345","0.01685919936981823","0.022273334471218049","0.098566532886918259","0.26703314739410955","0.021463251555335249","0.010388979743249781","0.013442739681706362","0.007582161692507583","0.0177183041988076","0.017310493713195034","0.0052186602080001301","0.036031059685121707","0.10556862615758419","0.22825238941696616","0.027235864648777322","0.0076720175188726572","0.010750464278970485","0.022186728689930525","0.036312658884942159","0.011229058220202573","0.016095010563460216","0.017004520653372979","0.09495066935739313","0.23880598381619506","0.02243773026997968","0.017032256166156053","0.0064708510406845396","0.024608530515595951","0.030054799920132089","0.029123386122276402","0.018064239624345665","0.025395760756065141","0.11631707280638366","0.23677195359601214","0.033474584475982977","0.016563013830567585","0.009805557366080235","0.024899587321925244","0.015843206704845712","0.0075733058979143546","0.022980662355521167","0.031953554559179302","0.054876843846061805","0.21777793075659535","0.0067366548046809485","0.025969624830445692","0.013313613016570231","0.0008470581269718841","0.029780185359321979","0.032319566431595233","0.022997383092457829","0.03694516095645313","0.15857054625777092","0.1979275025295415","0.038531091554033288","0.02876174504370908","0.019185311101917964","0.011837555941607149","0.024934185793937899","0.013648956260457666","0.025284736336202426","0.027778645397119387","0.087229534030224251","0.23980908382269245","0.014023418865967894","0.023381678916195109","0.029507107076346264","0.018626915747235427","0.022302299401872516","0.030483189265264252","0.021817576462833402","0.022736536720542259","0.10219292305626913","0.0058601846617674768","0.0","0.0","4.710759374411155e-05","0.0012247974373469004","0.83421895609572261","0.15600150744299981","0.0014885999623139249","0.00040512530619935932","0.00030148859996231392","8.4793668739400796e-05","7.5372149990578479e-05","5.6529112492933859e-05","5.6529112492933859e-05","5.6529112492933859e-05","4.710759374411155e-05","2.826455624646693e-05","1.884303749764462e-05","9.4215187488223099e-06","1.884303749764462e-05","0.00027322404371584699","0.00049934049368758249","0.00074429998115696245","0.0011588468061051441","0.0018371961560203504","0.27680422084039946","0.49457320520067832","0.088910872432636137","0.011381194648577351","0.0084699453551912562","0.0073299415865837577","0.0063029960429621251","0.0053702656868287171","0.0045788581119276424","0.0038628226870171473","0.0032410024495948746","0.0026851328434143585","0.0035801771245524781","0.077162238552854714","0.0012342189560957226","1.0"
